0	7.758765743655541
1	7.67398192347516
2	7.594872073076754
3	7.5243950712687795
4	7.461722385621552
5	7.405652421813811
6	7.3550776981200405
7	7.309036836958841
8	7.267005166444315
9	7.228394968112375
10	7.192696254997479
11	7.159448960167467
12	7.128491715994799
13	7.099494790569679
14	7.072226081134229
15	7.04648060287336
16	7.022211794964534
17	6.99920845140899
18	6.977340879261804
19	6.956635970870661
20	6.936885701588399
21	6.918091599614113
22	6.900232749419022
23	6.883139763095861
24	6.866946089335701
25	6.851419221824549
26	6.836709546436707
27	6.822604976801771
28	6.809204361367363
29	6.796442338814493
30	6.7842726158984155
31	6.772534364761681
32	6.761265622790032
33	6.750527018075329
34	6.740230482606999
35	6.730522196007778
36	6.721253212046892
37	6.712504073242418
38	6.704087738987715
39	6.6959644221188706
40	6.688283639537282
41	6.680984308835217
42	6.6740813071353315
43	6.667531018071263
44	6.6613214916549595
45	6.655467339568511
46	6.649932495313811
47	6.644670730163487
48	6.639688553868244
49	6.635060672670849
50	6.63072683995568
51	6.626606022729889
52	6.622635959666369
53	6.6189037239613215
54	6.615273479301261
55	6.6118314662989475
56	6.6085229646949735
57	6.605442820170081
58	6.602642279011153
59	6.6000291110413425
60	6.597621777879883
61	6.595412536142647
62	6.59336589188866
63	6.59151482861394
64	6.5898674362727725
65	6.58837134120521
66	6.587034158122225
67	6.585801933163662
68	6.584740026176811
69	6.583848638512292
70	6.5829921292817914
71	6.5822412893245685
72	6.581554031792279
73	6.580995816788218
74	6.580539922242883
75	6.580213857689673
76	6.579964711055054
77	6.579863099826846
78	6.579880380524361
79	6.579994597942541
80	6.580178831065709
81	6.580453210926625
82	6.5808208483222765
83	6.581313698011579
84	6.581843406220619
85	6.582439854217299
86	6.583109925341304
87	6.583858707553272
88	6.584706920585235
89	6.585635971144803
90	6.58660451662297
91	6.587577047641823
92	6.588628561644697
93	6.589750745805355
94	6.590931531508462
95	6.592143237477923
96	6.59336483547215
97	6.594628169107001
98	6.595920123464984
99	6.081151454121139
100	6.079440711165975
101	6.077558094755782
102	6.075543671353114
103	6.073558948324793
104	6.071548151671924
105	6.069488159874701
106	6.0674329255518025
107	6.0651534615908025
108	6.062642168021015
109	6.060372081753664
110	6.0581987277276905
111	6.0558608019004705
112	6.05337104755733
113	6.0509346326955615
114	6.048461905969218
115	6.045934314087773
116	6.043228177585396
117	6.040511639787347
118	6.037897581577929
119	6.035024077004007
120	6.0320436578116565
121	6.029003746336738
122	6.025965018218085
123	6.022919824511111
124	6.019612125872957
125	6.016367847450238
126	6.012828990994585
127	6.009348306328018
128	6.005678041302117
129	6.00212550586659
130	5.9985521900802805
131	5.9949432881977085
132	5.991084648299356
133	5.987125446200097
134	5.983193904836162
135	5.979211270079185
136	5.975317504155938
137	5.971317369359717
138	5.96741407614306
139	5.9633654285386415
140	5.9591655712457
141	5.9549885803949065
142	5.950899679130671
143	5.9468077510510735
144	5.942729024702327
145	5.938616683225092
146	5.934643765838941
147	5.93073138091657
148	5.926861835513317
149	5.923147895744095
150	5.9194996572077505
151	5.915920769523146
152	5.912172325840766
153	5.908409953446906
154	5.904561874036311
155	5.900459931080113
156	5.896430036943157
157	5.892328503941849
158	5.888147892912695
159	5.884003313811759
160	5.8798629548040315
161	5.875784158377736
162	5.871785624516826
163	5.867795570120837
164	5.863789925210125
165	5.85985066511878
166	5.855980679102151
167	5.852269847475671
168	5.848525770567195
169	5.844802423193525
170	5.841163569823385
171	5.837294561728639
172	5.833505913494179
173	5.829462417922497
174	5.825424363125924
175	5.821338719623459
176	5.817541415325838
177	5.8137115775225405
178	5.81004887212934
179	5.806651894911797
180	5.80322976190655
181	5.799785825860058
182	5.796291422421607
183	5.792817748561005
184	5.789441842873005
185	5.785906616114144
186	5.782386732621313
187	5.7788958570088385
188	5.7754454767797805
189	5.772244415974446
190	5.769183562176536
191	5.766117722518665
192	5.762974847677826
193	5.759944200287526
194	5.7568068556700664
195	5.753772979770204
196	5.750832943163702
197	5.74788980330315
198	5.744985612900586
199	5.742075731794495
200	5.739112926336285
201	5.73597590663903
202	5.732881537224199
203	5.72961131276849
204	5.726198499019298
205	5.722821478912983
206	5.7193973564658585
207	5.715760569711135
208	5.712143512286346
209	5.7084866051053815
210	5.704941576981307
211	5.701439970300628
212	5.697885131225215
213	5.6941240296962325
214	5.690192421838117
215	5.686252811530638
216	5.68217597846042
217	5.677897742956018
218	5.673637174220896
219	5.669502131260333
220	5.66524635980937
221	5.660958372683793
222	5.656571363845482
223	5.652034748664951
224	5.647646985362843
225	5.64315621088314
226	5.638671947512165
227	5.634150076080819
228	5.62938217139441
229	5.624514483932356
230	5.619711894882984
231	5.614893378877388
232	5.610112933488665
233	5.605320259353705
234	5.600809713487716
235	5.596318276578987
236	5.592094447824173
237	5.587789138912553
238	5.5833541187339275
239	5.57878950446829
240	5.5740404392701475
241	5.5692486394427405
242	5.564627563259604
243	5.560171103539196
244	5.5556271765206535
245	5.551009741386873
246	5.546296760357577
247	5.541723070279954
248	5.537060482021561
249	5.532308287246268
250	5.527896939533365
251	5.523451681662905
252	5.519103791746998
253	5.514824049764172
254	5.510529838580477
255	5.506113581924801
256	5.501623791900482
257	5.497346091170691
258	5.493034990587251
259	5.488599859216692
260	5.484069579381243
261	5.4795427365255005
262	5.475152391483939
263	5.470791532544309
264	5.466527087853142
265	5.462063885020047
266	5.457465965765968
267	5.453050943143228
268	5.448963097730999
269	5.444853106623093
270	5.440591592595381
271	5.436450083105901
272	5.432324359667746
273	5.428326248039043
274	5.424016799386171
275	5.419665624007552
276	5.415306447046882
277	5.411276509094465
278	5.407166850851502
279	5.403075908276978
280	5.39921786193329
281	5.395311555565604
282	5.391677721424919
283	5.388096382844735
284	5.384554841776327
285	5.380886504198331
286	5.376906191562049
287	5.372833634419283
288	5.368981907136577
289	5.365022333679571
290	5.3612018585740895
291	5.357348329105118
292	5.353697385441706
293	5.35012400308588
294	5.34669166466553
295	5.343237472300921
296	5.340023133134436
297	5.337086357129154
298	5.334392050780813
299	5.331823313871916
300	5.329253835679057
301	5.326447806803308
302	5.323836653141587
303	5.321325872553759
304	5.318577281583525
305	5.315672654085215
306	5.312775221332392
307	5.310075987848269
308	5.307250465963876
309	5.304711103922038
310	5.302312162554418
311	5.299649982735707
312	5.296973190082785
313	5.294679662179513
314	5.292283171101642
315	5.289632508941067
316	5.287036609834862
317	5.284145173964385
318	5.281259481178679
319	5.278571099484094
320	5.275717236058956
321	5.273026328316495
322	5.27060832467216
323	5.267874238326043
324	5.265000891920953
325	5.262324793218177
326	5.259538168839813
327	5.256536087004543
328	5.253793881839219
329	5.2510582493109705
330	5.2482923840063025
331	5.245278657851859
332	5.242568036557848
333	5.240050458393132
334	5.237446399473979
335	5.234942026996887
336	5.232530512805148
337	5.23030322134525
338	5.227803366597481
339	5.225137568538682
340	5.222435784928297
341	5.219713502408613
342	5.216719323650687
343	5.213867723221963
344	5.211121224827475
345	5.2085702210735345
346	5.206009822897989
347	5.203515953347205
348	5.201098320126039
349	5.198622886255233
350	5.1959156610424975
351	5.193347405493086
352	5.190522286107376
353	5.187757040866557
354	5.185141465203896
355	5.182335559201476
356	5.179533825529717
357	5.176829464856019
358	5.173733542639381
359	5.170311522492862
360	5.167132191160489
361	5.164125220022354
362	5.160999220655676
363	5.157867193210035
364	5.154567291047684
365	5.151167750000021
366	5.147971081602523
367	5.144680322487918
368	5.141448100051303
369	5.1382797658692025
370	5.135179840376421
371	5.131842599968389
372	5.128599158243569
373	5.12545206120927
374	5.122488714131302
375	5.119143233353481
376	5.115702753002893
377	5.11216159540965
378	5.108518795222376
379	5.104818870880539
380	5.101205489314911
381	5.097475451068065
382	5.0936900187313965
383	5.090345073758242
384	5.086819413356565
385	5.083403870564959
386	5.079827569142131
387	5.075970357733607
388	5.071928095842412
389	5.0682045840336105
390	5.06441587229083
391	5.060877722630876
392	5.057421165991089
393	5.05406809310573
394	5.050415396476007
395	5.047178476381034
396	5.044075185548458
397	5.041203971890143
398	5.038200306659034
399	5.0353629918342095
400	5.032368960326577
401	5.029357279254505
402	5.026050291691544
403	5.022886045660053
404	5.019547729811879
405	5.016182795826938
406	5.012769698267427
407	5.00916496489643
408	5.006043973980524
409	5.002984639718511
410	5.000294057145372
411	4.998134374356165
412	4.9963181435776605
413	4.994365157230324
414	4.992758888370453
415	4.990888800645763
416	4.989489122194695
417	4.987933385845931
418	4.985804512656875
419	4.983839994619052
420	4.981502858846389
421	4.979017896435791
422	4.976758476427938
423	4.974420945193046
424	4.971882484211002
425	4.96948716194352
426	4.967084766093529
427	4.964223934596299
428	4.961114119688603
429	4.958359976975503
430	4.955841630659496
431	4.953336100384225
432	4.950606346781276
433	4.947855823546992
434	4.945050863602559
435	4.942495979265632
436	4.939873361521611
437	4.937275427466168
438	4.93473982359358
439	4.93246213244698
440	4.9302571647348215
441	4.928105903880239
442	4.926179201540169
443	4.924082284630022
444	4.922020821095362
445	4.920373227644817
446	4.918442246219112
447	4.916438137558752
448	4.914170169909854
449	4.911747302716725
450	4.909244625562981
451	4.906840180629518
452	4.904054332788102
453	4.901167783499801
454	4.8985101131810405
455	4.895871173990245
456	4.893117756614788
457	4.890616932644583
458	4.888175998068477
459	4.885327978024153
460	4.8823323993304815
461	4.879396163442076
462	4.8765961488391065
463	4.873618418583929
464	4.870727244009153
465	4.8671264637815925
466	4.86373300427517
467	4.860353463810144
468	4.856909214726737
469	4.853655942566528
470	4.850414779957617
471	4.847224048995807
472	4.843963178335702
473	4.840759120716211
474	4.8376557593688325
475	4.834717058715386
476	4.831575281925815
477	4.828422038811607
478	4.825470797194987
479	4.822180108104859
480	4.819034712884401
481	4.81603049616804
482	4.8128482992133526
483	4.809666191879366
484	4.807145248495203
485	4.80429756258144
486	4.801582139731726
487	4.798625984506557
488	4.795304117634709
489	4.792241823097247
490	4.789713032766855
491	4.78688836504078
492	4.7841531617863335
493	4.781999274734632
494	4.77979462699074
495	4.777059870670757
496	4.774465000822526
497	4.771985393203379
498	4.769559762809956
499	4.767180318524871
500	4.764995250861661
501	4.76241613863191
502	4.760026683977693
503	4.757496868619552
504	4.754892591890142
505	4.752139117717172
506	4.74950166344186
507	4.746768377426707
508	4.743772061165222
509	4.741219095194576
510	4.738810971129748
511	4.736679534907116
512	4.734713476510067
513	4.732797099491396
514	4.730622399280332
515	4.72842832480828
516	4.726333316350951
517	4.7240487230719825
518	4.721925114164308
519	4.719957335117281
520	4.718376584694859
521	4.716369529518564
522	4.714836926823275
523	4.713439475203306
524	4.712268563261355
525	4.7112152722760605
526	4.710507579691556
527	4.710241098432249
528	4.7100336784401495
529	4.710059111078213
530	4.71012044860957
531	4.709766296962958
532	4.709173417246483
533	4.7085890935424555
534	4.707578943831323
535	4.706715669616264
536	4.706167066544725
537	4.705746701308038
538	4.705119993946429
539	4.704387857948545
540	4.703854026819413
541	4.703575575253369
542	4.703346181783462
543	4.702925721349375
544	4.702836623943471
545	4.70278465568339
546	4.7028733961525555
547	4.7028284386874075
548	4.702878905877868
549	4.702823555752306
550	4.702511254808613
551	4.702304824115567
552	4.7022664064784365
553	4.701557717395368
554	4.70072741571067
555	4.699912421501734
556	4.699215713950425
557	4.698841656033241
558	4.698513166433653
559	4.698326328567775
560	4.6980135697883085
561	4.697197110404575
562	4.696305369592041
563	4.695390371606428
564	4.694601448123935
565	4.693597589579867
566	4.6921817024126735
567	4.691187219503985
568	4.6904493080931084
569	4.68977240768145
570	4.689341722981676
571	4.688928143702254
572	4.6881946073291365
573	4.687512163866583
574	4.6869646322267045
575	4.68632466633866
576	4.6855773856518175
577	4.68483920705005
578	4.684205912149065
579	4.683912087526349
580	4.683277751249325
581	4.682836426020632
582	4.682265537330136
583	4.681917913657947
584	4.681442273023471
585	4.681365608271463
586	4.681391284649779
587	4.681404216410944
588	4.68120220064552
589	4.681227354085146
590	4.681550761576554
591	4.6827356769218
592	4.683672742966888
593	4.6842967078107876
594	4.684858509113463
595	4.685392530528708
596	4.6861397038847965
597	4.686643764632991
598	4.687035971521213
599	4.6873797007010305
600	4.687369717632729
601	4.687463363310545
602	4.6874822666342
603	4.687504649002589
604	4.687096521895257
605	4.686549880781851
606	4.685809457673674
607	4.685239793913593
608	4.684840317774902
609	4.684350153945542
610	4.68348776628565
611	4.682689881458225
612	4.681652810938226
613	4.680660510096028
614	4.679633447859456
615	4.678394339955726
616	4.6767864622285
617	4.675199513375213
618	4.6733482569861025
619	4.671302590555413
620	4.6695504904701215
621	4.667842072303347
622	4.666121959153814
623	4.664957447558669
624	4.663829573904964
625	4.6626795500481455
626	4.661391518583065
627	4.660092386491507
628	4.658705251300502
629	4.657410930689631
630	4.656089057778989
631	4.654635910482418
632	4.652855117786751
633	4.6511917106496705
634	4.649742591365348
635	4.648306360392991
636	4.646960907685696
637	4.645972512355113
638	4.644640243720869
639	4.643198130616207
640	4.641403059186684
641	4.639618173531324
642	4.637895516530761
643	4.636445794871132
644	4.635083241216725
645	4.6338183768068335
646	4.632374844417628
647	4.631179640625996
648	4.62973859047725
649	4.628521132102005
650	4.62729208155846
651	4.62582967352494
652	4.624312830557493
653	4.622566601199202
654	4.620540186520719
655	4.618104963830995
656	4.6156961651296875
657	4.613315763757545
658	4.611058117546673
659	4.608367182211771
660	4.605391871913549
661	4.602435436534916
662	4.599522975137518
663	4.5968023102927535
664	4.59402694560536
665	4.5911913871631365
666	4.588805909070084
667	4.5864238749568775
668	4.583700321861543
669	4.5814437857368295
670	4.579158644274471
671	4.577236874291958
672	4.575686212153275
673	4.5736802443920865
674	4.571536157213548
675	4.56896986422169
676	4.565992930807166
677	4.562952099829979
678	4.559978153047689
679	4.5570250819490425
680	4.554151171840724
681	4.551389125660162
682	4.549595942606405
683	4.547564071295921
684	4.545517390330177
685	4.543288035741416
686	4.5410932330596925
687	4.538582042765058
688	4.536180627270506
689	4.533976874100309
690	4.532140476995125
691	4.530565014908927
692	4.529173333830066
693	4.527896628376642
694	4.526530594578129
695	4.5250733155978855
696	4.523636760986005
697	4.5223169258849945
698	4.520498868591069
699	4.518939312027011
700	4.517862879298353
701	4.516692301419686
702	4.515244694642517
703	4.51430484679107
704	4.513280874513096
705	4.511532010669021
706	4.50998140743651
707	4.508377675070741
708	4.506747573566302
709	4.504581612869837
710	4.5031187685232235
711	4.501702524519334
712	4.50097423859956
713	4.500192556322548
714	4.499668574226062
715	4.499405411049623
716	4.499009956299962
717	4.498310268795166
718	4.497976516360148
719	4.497908515538516
720	4.497694185658757
721	4.497487409914656
722	4.4973244439533575
723	4.497258831149864
724	4.497617015505682
725	4.497588037991759
726	4.4970310894649685
727	4.49629122680354
728	4.496073119819645
729	4.49596119591752
730	4.495661004909484
731	4.495816607791691
732	4.4963773767806385
733	4.496554721065686
734	4.496909030781939
735	4.497726899876662
736	4.498898811305011
737	4.499929330756279
738	4.50118251533342
739	4.502278284560554
740	4.5035678910902055
741	4.504333383007619
742	4.505274321402168
743	4.506199127903771
744	4.507448509568253
745	4.508558602639778
746	4.509611220839233
747	4.510639074823834
748	4.512102555538649
749	4.512964617587251
750	4.51335409742855
751	4.513767552604626
752	4.513902433752699
753	4.5135241247531175
754	4.512985514630646
755	4.512464082264786
756	4.511820638600602
757	4.511226134364035
758	4.5104842025629495
759	4.509738946539498
760	4.509065069928289
761	4.5079045419328425
762	4.506377144744336
763	4.505001490334387
764	4.5033900064327295
765	4.501706483252371
766	4.5001064890501485
767	4.498605234937693
768	4.497043135958188
769	4.495321702814349
770	4.49415363379578
771	4.492833543030416
772	4.49176815692444
773	4.4909173595660965
774	4.4898242404864135
775	4.489043391602724
776	4.488105763988523
777	4.487023122902374
778	4.486181588557485
779	4.485302029113344
780	4.48442164880808
781	4.483443767507768
782	4.4823698825276495
783	4.481700383426944
784	4.480933053497579
785	4.479949434940007
786	4.478834663560734
787	4.477277580648787
788	4.475130286503937
789	4.472881298819229
790	4.471364607319464
791	4.469547460990184
792	4.468157937099084
793	4.4673064426930855
794	4.466343411582404
795	4.465660720089999
796	4.46497748383025
797	4.464257329388665
798	4.463214552843878
799	4.461762476930174
800	4.460552861761398
801	4.459607134601328
802	4.458584570753355
803	4.456954219979962
804	4.455565613869208
805	4.454331833085002
806	4.452854674497641
807	4.451201906616172
808	4.449338759455677
809	4.447251700981968
810	4.445441148315053
811	4.44384246838058
812	4.442644928593792
813	4.4415929853832585
814	4.440716628691465
815	4.440107248573945
816	4.4396646014201595
817	4.438934179785259
818	4.438734320693453
819	4.4387357523583395
820	4.438762751887742
821	4.438668823072336
822	4.4388702780709375
823	4.438860281093102
824	4.4386163454117655
825	4.438462655649946
826	4.438100184150489
827	4.437882770747463
828	4.437565315958479
829	4.437021297375057
830	4.4362983217965395
831	4.4353589876558335
832	4.434627100563394
833	4.4338417044180245
834	4.433602222935466
835	4.433721114361244
836	4.433472590053949
837	4.433551551921402
838	4.432752740959115
839	4.431869485589912
840	4.431455001511624
841	4.4314066606015485
842	4.431154080476006
843	4.430725200080043
844	4.42988022097419
845	4.428998415406201
846	4.427934896218155
847	4.426618855420186
848	4.424966979017854
849	4.423028381303398
850	4.420576758879736
851	4.41778811607206
852	4.415595725291571
853	4.413190834056694
854	4.410784824700728
855	4.40828445039044
856	4.405808323522294
857	4.403337386147371
858	4.401344972172012
859	4.3994294238291305
860	4.397936516518489
861	4.396440848223318
862	4.394783595167142
863	4.3929309910247785
864	4.391034819243898
865	4.38911836873113
866	4.3869171521500006
867	4.384434699191571
868	4.381720210896396
869	4.378606373395094
870	4.375426842512343
871	4.37235316712546
872	4.369250943728453
873	4.366266406000501
874	4.363405636331751
875	4.360754339844602
876	4.35806972566799
877	4.355574363213288
878	4.352874056274805
879	4.350141147561062
880	4.347234001184224
881	4.343621378230952
882	4.340305065346085
883	4.337201217276951
884	4.3342491884226995
885	4.331179874346924
886	4.328565331581226
887	4.325325340804464
888	4.32225364214719
889	4.318769088964622
890	4.314769137216343
891	4.311107970274251
892	4.307297388590647
893	4.3041664619225966
894	4.300937394996309
895	4.29792885640654
896	4.295425964243042
897	4.29290321359171
898	4.290238020972138
899	4.287434119724601
900	4.284962048132308
901	4.2827631910391455
902	4.280697137666238
903	4.278791659208157
904	4.2771208835333345
905	4.2759425381316944
906	4.275112563575868
907	4.273746137230753
908	4.2724633312083355
909	4.271397544686718
910	4.270103490474029
911	4.268904391326215
912	4.268473534538225
913	4.267971243497885
914	4.267203501272849
915	4.266173304619325
916	4.265059455645626
917	4.2648008003839815
918	4.2644763263435195
919	4.264818875197709
920	4.264878425446166
921	4.265147032848831
922	4.264762057937077
923	4.2650193134290255
924	4.265141650168343
925	4.265073548489458
926	4.265559069434292
927	4.265480797060568
928	4.265899985166397
929	4.266716941706484
930	4.26751516995928
931	4.2686214579295685
932	4.269231928294542
933	4.270476666689631
934	4.271320145718703
935	4.272685303352811
936	4.273764613838476
937	4.274439538907293
938	4.275536266156485
939	4.276553071169482
940	4.277058449915997
941	4.277846381576562
942	4.278200599907959
943	4.278392816202116
944	4.27868237897183
945	4.278643702444899
946	4.278880381911436
947	4.279238787411255
948	4.2796976677737275
949	4.279697182808603
950	4.279070024294533
951	4.277994121519466
952	4.276877205043332
953	4.276481943071354
954	4.276147929555837
955	4.27576123912841
956	4.275684795364829
957	4.275938969902416
958	4.2764279796156455
959	4.276736088995413
960	4.2768050595036335
961	4.277081328009064
962	4.277235635285629
963	4.277068751500101
964	4.2765431804635226
965	4.276046235473137
966	4.275682354243804
967	4.275857137837344
968	4.275930783999646
969	4.275763127480214
970	4.275722143446244
971	4.275718258461388
972	4.275776616669158
973	4.275712362671775
974	4.275935927751314
975	4.2768882900172045
976	4.277724479289614
977	4.278724200532544
978	4.27962142517949
979	4.280547471526938
980	4.281767853463497
981	4.283218185454527
982	4.284920846778838
983	4.286381027505738
984	4.28738264486784
985	4.287863741937032
986	4.2880885919515865
987	4.288088601472085
988	4.288124446951255
989	4.288265184294583
990	4.288954117072964
991	4.289434230879827
992	4.289560998474528
993	4.289881222305296
994	4.290749947077376
995	4.2912536847237535
996	4.291910890888942
997	4.2925425775439825
998	4.293303379124863
999	4.293243356911722
1000	4.293225773089881
1001	4.2940730165030505
1002	4.294913445193189
1003	4.295334484190971
1004	4.295676272953866
1005	4.296459907672056
1006	4.297398203143411
1007	4.29805335730776
1008	4.298738555677386
1009	4.298914898487747
1010	4.299255031795338
1011	4.299209699214572
1012	4.298824361297836
1013	4.298823405791119
1014	4.298735906759299
1015	4.298465901835696
1016	4.297668841739089
1017	4.297140017148556
1018	4.296313563719417
1019	4.295526342166105
1020	4.294967729341866
1021	4.2944359122075495
1022	4.293825480309963
1023	4.292841884246807
1024	4.292200244997594
1025	4.291595938571106
1026	4.290813490112055
1027	4.289819832551103
1028	4.288886593282864
1029	4.288141014230717
1030	4.287545164533055
1031	4.286832748078077
1032	4.286504023382384
1033	4.285610457544446
1034	4.2847442619289895
1035	4.283698203404346
1036	4.282713406120361
1037	4.281268015707655
1038	4.279667787429209
1039	4.278225347313809
1040	4.276463333853381
1041	4.274535696610048
1042	4.27246567411741
1043	4.270211620685024
1044	4.268291883919404
1045	4.266580867088522
1046	4.26482627165826
1047	4.2636555711031905
1048	4.262257752987656
1049	4.260158729751922
1050	4.257851612322479
1051	4.255511905641371
1052	4.253087738909052
1053	4.250865949049194
1054	4.248594187354931
1055	4.2458827645261845
1056	4.243309915598852
1057	4.241069122347782
1058	4.2380645615847445
1059	4.23493531519222
1060	4.231452956490333
1061	4.228482821863583
1062	4.226294660132002
1063	4.223939856314292
1064	4.22111978483096
1065	4.218158102483711
1066	4.2146896059674575
1067	4.211029078495142
1068	4.207638697070752
1069	4.204130480648225
1070	4.20070031128772
1071	4.197441855676961
1072	4.1942196434128185
1073	4.191270470238299
1074	4.189223476574427
1075	4.187713603811693
1076	4.1865608964156396
1077	4.185561752308
1078	4.184743810266935
1079	4.184111291694895
1080	4.183573243490131
1081	4.183090378984806
1082	4.183384237199371
1083	4.183086048528616
1084	4.183277598502663
1085	4.183281635417154
1086	4.182889571583245
1087	4.182461580644103
1088	4.182283802402369
1089	4.182010379300812
1090	4.181420647491194
1091	4.180978893779808
1092	4.180633690070457
1093	4.179946187069088
1094	4.179905814100403
1095	4.180037136587965
1096	4.179479474273399
1097	4.178846612181919
1098	4.178082801073456
1099	4.17705694255613
1100	4.175477990596783
1101	4.173856224853136
1102	4.173038853266879
1103	4.172400987424259
1104	4.171689574710268
1105	4.171010054733235
1106	4.170055493285
1107	4.169315785369166
1108	4.168926408945003
1109	4.168755784694753
1110	4.168478172634589
1111	4.168617839009641
1112	4.1677839207404475
1113	4.166965267038469
1114	4.165487280440102
1115	4.163985109470734
1116	4.162369254358133
1117	4.161257924694802
1118	4.160501592404021
1119	4.159549468316356
1120	4.158910122291105
1121	4.158385186339097
1122	4.158335397348352
1123	4.15883164171901
1124	4.159056311658769
1125	4.1594819308185285
1126	4.16018530836956
1127	4.160698248050661
1128	4.160979098292729
1129	4.1615383339129695
1130	4.161833487180341
1131	4.162302939502106
1132	4.1629628775183525
1133	4.1637421007635265
1134	4.1648525834891394
1135	4.166233625418291
1136	4.167425526873688
1137	4.1683160897804
1138	4.169209412505143
1139	4.1698581782867965
1140	4.1706754262261905
1141	4.171285619470945
1142	4.1720229039369885
1143	4.172368412209456
1144	4.173256454858058
1145	4.173390099877927
1146	4.173285321486608
1147	4.173028963161418
1148	4.172773055588332
1149	4.172071027683
1150	4.171280942320522
1151	4.170341321506392
1152	4.169127225173693
1153	4.168012687926367
1154	4.16720673350762
1155	4.166438166911188
1156	4.165598153241482
1157	4.165140881724624
1158	4.164793393575376
1159	4.164413428213789
1160	4.163337220016827
1161	4.162627342172957
1162	4.16217540513002
1163	4.161758502546014
1164	4.160992521395588
1165	4.160340661751444
1166	4.159580292775218
1167	4.158253233751746
1168	4.156955364710274
1169	4.155122239410049
1170	4.153009652443652
1171	4.151058337617536
1172	4.149226346041309
1173	4.147553320417436
1174	4.145834140914614
1175	4.144330499351561
1176	4.142843669555836
1177	4.14128099997618
1178	4.1392402276638505
1179	4.136912876493907
1180	4.134742256206647
1181	4.132034115803529
1182	4.129293062040208
1183	4.1269135425789045
1184	4.124537008094815
1185	4.122230359609987
1186	4.120020981038281
1187	4.118322754391016
1188	4.1167943571345935
1189	4.114967425759141
1190	4.113672602587937
1191	4.112025955100277
1192	4.11048995868472
1193	4.10889516058122
1194	4.107808609236622
1195	4.10704326764049
1196	4.106072845051525
1197	4.104855282921776
1198	4.104100197483982
1199	4.103314849839213
1200	4.1023761365263685
1201	4.101118447147036
1202	4.09948026954885
1203	4.098281955830628
1204	4.09648971336124
1205	4.094119536876253
1206	4.092733049179951
1207	4.0911981531151795
1208	4.089828039472048
1209	4.088648003458736
1210	4.088211704988051
1211	4.087592339012149
1212	4.086962676190163
1213	4.0862528700858
1214	4.085953443298822
1215	4.08568853387644
1216	4.085031193845522
1217	4.0853441137096125
1218	4.08603069515673
1219	4.087043879944109
1220	4.087809075774337
1221	4.088793275806244
1222	4.089336330643357
1223	4.089342866646528
1224	4.089296351581616
1225	4.088966275714483
1226	4.088890879820423
1227	4.0887683089667535
1228	4.088477160830623
1229	4.087985501381055
1230	4.087321480234375
1231	4.0863913663829
1232	4.085248038323421
1233	4.084041076969368
1234	4.082723479629523
1235	4.08147861716836
1236	4.080477689734753
1237	4.079382777384101
1238	4.078343887981259
1239	4.077377712035848
1240	4.075694086480705
1241	4.074782858522256
1242	4.074114023256862
1243	4.073371294633373
1244	4.072045304243231
1245	4.071263854074204
1246	4.070379488462467
1247	4.068751936960836
1248	4.067181874077586
1249	4.065085493436337
1250	4.063002780011334
1251	4.060967554802821
1252	4.059143511088375
1253	4.0569970440999805
1254	4.054518990648362
1255	4.05223834909323
1256	4.050039867754054
1257	4.047338814966918
1258	4.044125487935115
1259	4.041603508476532
1260	4.038862400726456
1261	4.036227688899719
1262	4.033790251623693
1263	4.0318402364656
1264	4.0303179248980046
1265	4.029104774301213
1266	4.028095047876084
1267	4.026810335317486
1268	4.024755069261219
1269	4.0228015342707835
1270	4.019993817579635
1271	4.016982312407935
1272	4.014378361132495
1273	4.011879288986726
1274	4.0090109965726395
1275	4.005875090183655
1276	4.002972307870246
1277	3.999753424139934
1278	3.997543453518926
1279	3.9950667508574753
1280	3.992410941218085
1281	3.989935141329779
1282	3.986989989171185
1283	3.9850635190622827
1284	3.9830626330950523
1285	3.9801951797439394
1286	3.978032993269706
1287	3.975317170820685
1288	3.972332104462858
1289	3.9692116439639946
1290	3.9646717773041398
1291	3.9600508931749605
1292	3.955608919368224
1293	3.9515855033124767
1294	3.947732315586791
1295	3.943919851624228
1296	3.940384846490095
1297	3.936465137776907
1298	3.9326731956241394
1299	3.928518228429822
1300	3.9244313151980172
1301	3.920498052454357
1302	3.91666286734796
1303	3.91268706292129
1304	3.9089993434346844
1305	3.905459834843794
1306	3.901453364323209
1307	3.8985809146729613
1308	3.8957474987165766
1309	3.8928245208213728
1310	3.8903568091553526
1311	3.888027320987055
1312	3.8862740992490314
1313	3.8848843951563468
1314	3.883162694370568
1315	3.8815006993899286
1316	3.88007929106071
1317	3.878287919769331
1318	3.8758348290459255
1319	3.87283339263941
1320	3.8697197976695628
1321	3.866311049690478
1322	3.8629908218450764
1323	3.8598445365550322
1324	3.8568483358380368
1325	3.8534722422635137
1326	3.8506663186292824
1327	3.847892112543073
1328	3.844861380321563
1329	3.8425376581141166
1330	3.8409240900679067
1331	3.839817717428694
1332	3.8386906760135293
1333	3.8370306231734532
1334	3.8361173671852438
1335	3.8345783535280247
1336	3.8329402609757475
1337	3.83183839728809
1338	3.830415386356183
1339	3.8299166412387926
1340	3.830302069064685
1341	3.830486693941433
1342	3.8306172731198336
1343	3.831126990115754
1344	3.8316782253777255
1345	3.833528677722516
1346	3.8351778984301124
1347	3.836944971731686
1348	3.838230399255859
1349	3.8400226159372486
1350	3.8416342455417345
1351	3.8424558082947406
1352	3.8424364123872943
1353	3.8414998416183783
1354	3.8414732651282
1355	3.8411829208078907
1356	3.841068089249511
1357	3.840651614784333
1358	3.840582355859853
1359	3.84002351897931
1360	3.8399656015099213
1361	3.8395578557387307
1362	3.840541688434191
1363	3.84127766195832
1364	3.841917895547485
1365	3.842719578926237
1366	3.8428556848722653
1367	3.8431644313180757
1368	3.843551806921048
1369	3.843996937645203
1370	3.8437840609724074
1371	3.8427581562230855
1372	3.8421355727840503
1373	3.8420528305193815
1374	3.841877343210746
1375	3.8413028440995016
1376	3.840438859580714
1377	3.8393252805376683
1378	3.8369998737595123
1379	3.8345332059677064
1380	3.8319977727747614
1381	3.829706184425641
1382	3.8272611772082468
1383	3.825137489415174
1384	3.8229156505670208
1385	3.8213017996933325
1386	3.8199190049112555
1387	3.818584579373145
1388	3.8174145126749863
1389	3.8161686187011923
1390	3.815648329174541
1391	3.8153300082615633
1392	3.8159020292757013
1393	3.8167047364868716
1394	3.817779604792975
1395	3.818481345935875
1396	3.8192994631837043
1397	3.8198611136815512
1398	3.820885387659914
1399	3.821077228487075
1400	3.82160298113978
1401	3.8214209527579857
1402	3.820899920660993
1403	3.8202163210775946
1404	3.81952102520188
1405	3.819014345145955
1406	3.8192972274156536
1407	3.819101042262271
1408	3.818801475631429
1409	3.8187536294970648
1410	3.818327212682154
1411	3.8183051065055684
1412	3.8178187713735237
1413	3.8182764307344432
1414	3.818750729727014
1415	3.8193985988926595
1416	3.8206040181695013
1417	3.822220441014855
1418	3.82420571057348
1419	3.8265126057986127
1420	3.8287734297837703
1421	3.831426817983754
1422	3.8337853143907767
1423	3.836515048003603
1424	3.839339675683922
1425	3.842789387749555
1426	3.8451691986867194
1427	3.847874323133849
1428	3.8509650825028197
1429	3.853799146626562
1430	3.8558050917018734
1431	3.8584451563602866
1432	3.8610222559722205
1433	3.863615999856937
1434	3.865898661668817
1435	3.86832980914063
1436	3.869903590582321
1437	3.8719661717940266
1438	3.874359248197999
1439	3.8763765935641774
1440	3.878427754632173
1441	3.8804481077708513
1442	3.8820732838705045
1443	3.8832835877196765
1444	3.8841482219268273
1445	3.88445818969379
1446	3.8846449253627244
1447	3.8851414302032055
1448	3.8853028227671103
1449	3.8858544137835853
1450	3.886271553173516
1451	3.886536523671585
1452	3.886402742616403
1453	3.8863780567848685
1454	3.8876607153660565
1455	3.8884398541762004
1456	3.889113375027733
1457	3.8891848244629723
1458	3.8892451009231084
1459	3.8887818706959543
1460	3.8880152732719093
1461	3.8865124065530985
1462	3.8850575076944804
1463	3.8828103514829504
1464	3.881021622053047
1465	3.879202381401516
1466	3.8771111069159483
1467	3.8749947168604506
1468	3.8732606210188387
1469	3.871628839275165
1470	3.869659835537803
1471	3.867655766578358
1472	3.865370716455663
1473	3.8631086571143243
1474	3.860895350593786
1475	3.857381858927134
1476	3.853682243434063
1477	3.850117880523735
1478	3.8468654706108314
1479	3.8440776507431056
1480	3.841733237968246
1481	3.839894990033559
1482	3.836654050269706
1483	3.8332525038077216
1484	3.8301971848301926
1485	3.8277325935322004
1486	3.8253460739072813
1487	3.823328451010115
1488	3.82162597182302
1489	3.8202037387366397
1490	3.819063926593554
1491	3.818412809676352
1492	3.8174372500002125
1493	3.816009741617609
1494	3.8148139846910016
1495	3.813035480782124
1496	3.811336126964653
1497	3.8102774740344594
1498	3.8096024040372716
1499	3.8096504527357697
1500	3.809396629572588
1501	3.809443515527127
1502	3.8101660788754304
1503	3.8107902697087397
1504	3.8114136808023913
1505	3.810707837499368
1506	3.8106643901899595
1507	3.811418248030503
1508	3.8111375042903384
1509	3.8115221895255735
1510	3.8116444808071073
1511	3.8107813618320914
1512	3.8098221988857026
1513	3.8090845887040112
1514	3.8086407799528135
1515	3.809258599745239
1516	3.810760290102409
1517	3.812680032868786
1518	3.8151192285273217
1519	3.8174002136254406
1520	3.819449825236576
1521	3.8217385497055485
1522	3.8239798132443887
1523	3.8259230648495213
1524	3.828042083355506
1525	3.830184457416008
1526	3.8323870838844223
1527	3.8331057761489706
1528	3.833906819485456
1529	3.8352944537141003
1530	3.8361625592161857
1531	3.8359836945702246
1532	3.8358941331013057
1533	3.835182207742034
1534	3.834532466192807
1535	3.8330074384971
1536	3.831719030345248
1537	3.8308582435362775
1538	3.8298787992971213
1539	3.8294579343107347
1540	3.8294293866890206
1541	3.8294716943985416
1542	3.8296998074443027
1543	3.8302159144756343
1544	3.8320026286456548
1545	3.8338511269851505
1546	3.8352112699108654
1547	3.8368271500739475
1548	3.838650120253996
1549	3.8407984707380196
1550	3.843825239145694
1551	3.846914545188365
1552	3.8493301871011476
1553	3.850947847382822
1554	3.852514322281295
1555	3.853857875049482
1556	3.8552870304854565
1557	3.856709651875208
1558	3.857289816997167
1559	3.8574796541749596
1560	3.8578905499999645
1561	3.858516262903359
1562	3.8589449887512095
1563	3.8594213978550287
1564	3.86022385931382
1565	3.861030881204749
1566	3.86124457994459
1567	3.861245874148949
1568	3.860896779330179
1569	3.861486748229149
1570	3.861885215691303
1571	3.8621793620472125
1572	3.861950886613539
1573	3.8620244860658515
1574	3.8616751890321592
1575	3.861229427242587
1576	3.8604882170778057
1577	3.859825381960841
1578	3.8592531606988243
1579	3.8581134981237155
1580	3.8572855408615783
1581	3.8564231746229627
1582	3.8565337129041795
1583	3.8558559572947684
1584	3.854329815304567
1585	3.853845811728256
1586	3.8532338071576797
1587	3.8521942313823487
1588	3.8516466633829163
1589	3.8513661385758002
1590	3.8514162587866108
1591	3.8510885967237596
1592	3.8508268498024774
1593	3.849427638056906
1594	3.8483373654324207
1595	3.847999212232912
1596	3.847609152709303
1597	3.848400652442114
1598	3.8500139527931663
1599	3.8506315995697866
1600	3.8515884853527442
1601	3.8519741047688902
1602	3.851628129381506
1603	3.8510721180505483
1604	3.8500103698332717
1605	3.8486553592143307
1606	3.846902095403524
1607	3.8450576594951977
1608	3.843825843114919
1609	3.841401743175968
1610	3.83980590527718
1611	3.838132542729328
1612	3.8362991306958856
1613	3.833989568546518
1614	3.831771138567207
1615	3.8295303838050376
1616	3.8270701378612246
1617	3.8241313253735867
1618	3.821351594629092
1619	3.8186860144642822
1620	3.816350393711091
1621	3.81455566956102
1622	3.8125874870234884
1623	3.8106338405490296
1624	3.808591744790521
1625	3.8068214181801685
1626	3.805015115368426
1627	3.8033192158697267
1628	3.801406759503395
1629	3.799594132237926
1630	3.7976371560762714
1631	3.79555270048787
1632	3.79353328944252
1633	3.7920606386558315
1634	3.7898234142407192
1635	3.7879724069216776
1636	3.7867662504327466
1637	3.7862450557568588
1638	3.785995306113241
1639	3.7861021822576193
1640	3.7868322058140795
1641	3.787985763811205
1642	3.7895965344825484
1643	3.7909715772416677
1644	3.792247005270016
1645	3.79456525238653
1646	3.7968191143976955
1647	3.7991013133293996
1648	3.802090904837082
1649	3.805005849308006
1650	3.8081227388277825
1651	3.81066748884793
1652	3.81292741652728
1653	3.8150442751887197
1654	3.816384218514576
1655	3.8169940809830973
1656	3.818505736492213
1657	3.820282935025605
1658	3.822401484366529
1659	3.8241357907201428
1660	3.8254655176691763
1661	3.8266228949030507
1662	3.8280195076602754
1663	3.829413345926063
1664	3.8319359767894072
1665	3.8338162917841507
1666	3.8362413134696123
1667	3.8373018395923006
1668	3.838752348117866
1669	3.839757861244294
1670	3.839483255909102
1671	3.8393110488904876
1672	3.8388241600756134
1673	3.8374854798500326
1674	3.8367185070932854
1675	3.83639376813594
1676	3.835155257798373
1677	3.832735435521069
1678	3.8303786275881033
1679	3.827185860430585
1680	3.8240841415211664
1681	3.8218336326202085
1682	3.820360413100471
1683	3.8195655831785333
1684	3.8176567695932753
1685	3.8163610734718447
1686	3.815469790779606
1687	3.8143815763724214
1688	3.8139471029128917
1689	3.813452517601935
1690	3.812774450573214
1691	3.812294285505624
1692	3.812719905581678
1693	3.813068536020928
1694	3.8127488940512926
1695	3.811559728232742
1696	3.809482355416305
1697	3.807208223627942
1698	3.8046999809911273
1699	3.801974163305419
1700	3.799895703986455
1701	3.797669398265258
1702	3.795401135557853
1703	3.793184800383242
1704	3.791444186686062
1705	3.7897636696529915
1706	3.787733802061672
1707	3.7855689575072766
1708	3.7839514608058966
1709	3.7816954100227544
1710	3.778889466204011
1711	3.775347577749895
1712	3.771522264951495
1713	3.767214739202593
1714	3.7635512424639375
1715	3.7600864659148727
1716	3.756424675943648
1717	3.7527527920107397
1718	3.7504277139223556
1719	3.748172626897658
1720	3.746662495477524
1721	3.745794613082283
1722	3.7449966890117414
1723	3.7443925059858656
1724	3.743127549180186
1725	3.7414467960326614
1726	3.7403793368831404
1727	3.7388220623017885
1728	3.7370846993587246
1729	3.7354744105540254
1730	3.733512996493416
1731	3.7316743147664275
1732	3.728394353191329
1733	3.725635902866902
1734	3.7228995240088545
1735	3.7198803666790208
1736	3.7175430885585414
1737	3.715327112379239
1738	3.714016401047412
1739	3.7124669689558587
1740	3.711164410091673
1741	3.7100076185454687
1742	3.709264690243125
1743	3.709561542162823
1744	3.7094956459604953
1745	3.7094887740433964
1746	3.7094555575654526
1747	3.709465552334539
1748	3.709260413305565
1749	3.7087500659602175
1750	3.708661203416175
1751	3.7084740718768034
1752	3.707923047359306
1753	3.706869056206366
1754	3.705668988684176
1755	3.7045964050543994
1756	3.7038627807604914
1757	3.70229601265855
1758	3.7012894543356434
1759	3.6999620127481707
1760	3.698337613225811
1761	3.697035279660601
1762	3.696023146395569
1763	3.6955652445235265
1764	3.6947552697818358
1765	3.6938936711402106
1766	3.6923532149511997
1767	3.690385182396375
1768	3.6881940731341363
1769	3.686028275932108
1770	3.6843502528382417
1771	3.683261265441815
1772	3.6818691194670463
1773	3.6809982393972467
1774	3.6792549572721587
1775	3.6779164546453145
1776	3.6772033386861893
1777	3.6760516394561544
1778	3.6751284349648095
1779	3.672655450581922
1780	3.6703041848538627
1781	3.668397029283896
1782	3.667118053596352
1783	3.6658898333995285
1784	3.6641407358875213
1785	3.662295299137714
1786	3.6598471283004335
1787	3.6584404993699806
1788	3.656758531533583
1789	3.6548322129841706
1790	3.652586240783099
1791	3.6502235488865717
1792	3.6484333562804037
1793	3.6464449317036087
1794	3.645453602328082
1795	3.6453793753841044
1796	3.6454549466958883
1797	3.6459141740203025
1798	3.646885519296277
1799	3.647871061547876
1800	3.648375039775958
1801	3.6499913733291405
1802	3.6513386293098495
1803	3.652737411008267
1804	3.653261832759591
1805	3.653982855501285
1806	3.6539050794848174
1807	3.653599214813084
1808	3.6531764428893507
1809	3.6530531313954313
1810	3.6520238946691537
1811	3.6501267321997086
1812	3.648518253002653
1813	3.6465916843631425
1814	3.6454147846546014
1815	3.6432690224363062
1816	3.641765076884019
1817	3.6397442187412663
1818	3.637916876255701
1819	3.6373324732304844
1820	3.636319418946412
1821	3.6359265512644026
1822	3.635974259071393
1823	3.6350274548172328
1824	3.6349687379781694
1825	3.6350807471892015
1826	3.634400196022254
1827	3.634811461207696
1828	3.6355455962279457
1829	3.636542961076858
1830	3.6382898991149304
1831	3.6399062892370795
1832	3.641833681719753
1833	3.6433463580666725
1834	3.6450075126325587
1835	3.647469410857315
1836	3.64978588543988
1837	3.6521726212162156
1838	3.6543410476445257
1839	3.657343669221662
1840	3.660092437074879
1841	3.661893490454479
1842	3.6639576304288384
1843	3.6664174074914717
1844	3.6690909914347913
1845	3.6720154542286423
1846	3.6750900121929764
1847	3.6778817776384054
1848	3.6804993287933128
1849	3.6839998352318815
1850	3.6874012341122624
1851	3.690365488034251
1852	3.6934033731643403
1853	3.6956743639374805
1854	3.6982173808996235
1855	3.7004358793288916
1856	3.702516687528972
1857	3.705313405995054
1858	3.7078168453409135
1859	3.7114384776756872
1860	3.7144349946297233
1861	3.716721887832725
1862	3.7187897202809723
1863	3.720609753225462
1864	3.7231803839167257
1865	3.7267922145061383
1866	3.7299210047300098
1867	3.7323665189111885
1868	3.7355117097843147
1869	3.7383733500873344
1870	3.7399826155453924
1871	3.74120950176038
1872	3.7426375754262016
1873	3.744065109324586
1874	3.7448086494153108
1875	3.745857563260549
1876	3.7469071761693638
1877	3.7477659179891636
1878	3.7480517192834686
1879	3.7486215374467795
1880	3.748649675131912
1881	3.7490342047801977
1882	3.7489999379243693
1883	3.749585677971021
1884	3.7506980479379255
1885	3.7507450088180163
1886	3.750407047382135
1887	3.749692133584058
1888	3.748605738729953
1889	3.7468784960153676
1890	3.7448724975038843
1891	3.74205433935457
1892	3.739427682997957
1893	3.7356062647639177
1894	3.7317753859226355
1895	3.727844055028144
1896	3.7242499514126997
1897	3.7201862993843138
1898	3.7165050857785253
1899	3.7134320206364175
1900	3.7099576867099557
1901	3.706592849137291
1902	3.702768972433233
1903	3.699432097270897
1904	3.695718927041488
1905	3.692266786684412
1906	3.6889981234552396
1907	3.6853773862149204
1908	3.681924069900105
1909	3.678502916597815
1910	3.6751208194590124
1911	3.6706252664802124
1912	3.6649681162967327
1913	3.6591416222597877
1914	3.6534233365780686
1915	3.647974465901639
1916	3.6437094887331716
1917	3.640563977318039
1918	3.6371563492654717
1919	3.63450232710899
1920	3.631677635332315
1921	3.627849578250608
1922	3.6243124174079204
1923	3.6201291853247546
1924	3.6152118427006212
1925	3.6097778415267334
1926	3.603817908937081
1927	3.598059595739014
1928	3.592574529553084
1929	3.58688078695552
1930	3.5807470021208956
1931	3.574399429914257
1932	3.5687604048541592
1933	3.5638293246591544
1934	3.5586839530823506
1935	3.5536509157664975
1936	3.549481146361105
1937	3.5455481571196477
1938	3.541832522353877
1939	3.5381799956214897
1940	3.534201047799016
1941	3.5296277284391504
1942	3.525063823044283
1943	3.520651305096196
1944	3.515872395792475
1945	3.5114195483705712
1946	3.506969751137295
1947	3.5026763847628937
1948	3.49717143455942
1949	3.4919358643726555
1950	3.487527583008009
1951	3.4861753592108666
1952	3.484452747146717
1953	3.4836455099678556
1954	3.483947622612504
1955	3.4854067850382124
1956	3.487150595728962
1957	3.4891748717970485
1958	3.4917844819676147
1959	3.494129557588798
1960	3.498132298766046
1961	3.502261106377324
1962	3.507030396260006
1963	3.5105006576928726
1964	3.5144590826154234
1965	3.5177564952687144
1966	3.5221687599724523
1967	3.525718638185016
1968	3.529657193567463
1969	3.5336045480153233
1970	3.536895084502781
1971	3.5400132282286805
1972	3.5418898219214174
1973	3.5440754886157744
1974	3.546913149974219
1975	3.549879663747062
1976	3.5536568553060217
1977	3.5582621335926166
1978	3.562434593568802
1979	3.5667052169971574
1980	3.5707138123526123
1981	3.5745054937453866
1982	3.5788547685608814
1983	3.5831363878984632
1984	3.586689106637392
1985	3.5898589602327577
1986	3.5931040982060445
1987	3.5964955310841518
1988	3.601948185154821
1989	3.608584571867313
1990	3.6160174799107447
1991	3.6228318109197573
1992	3.6302979404024907
1993	3.6380753044673986
1994	3.645540670078606
1995	3.6524522391644023
1996	3.6591323059532583
1997	3.66568750649825
1998	3.6725440132810907
1999	3.6793934843523
2000	3.6854342314273585
2001	3.6922796696652953
2002	3.698739680156388
2003	3.704403183288364
2004	3.7096416475072016
2005	3.7141007137942403
2006	3.718472418217578
2007	3.722361014737148
2008	3.7250929917840265
2009	3.727111818040077
2010	3.728833256708844
2011	3.7308588310387907
2012	3.7324235893807294
2013	3.7340838748213447
2014	3.7359070817228903
2015	3.738433280562586
2016	3.741141501634871
2017	3.7427445021977284
2018	3.7438685620896726
2019	3.744965010402282
2020	3.746141209378473
2021	3.746967760972243
2022	3.747151896493154
2023	3.7466447031047148
2024	3.7458569627176015
2025	3.7456075008578193
2026	3.744907584225311
2027	3.7440927353109186
2028	3.7429379494643116
2029	3.7417070898066584
2030	3.7399425286037085
2031	3.7385763043569744
2032	3.737434277673277
2033	3.7352572504483095
2034	3.7326815359877825
2035	3.7302324047808137
2036	3.727744874216063
2037	3.72582288394924
2038	3.723836240838548
2039	3.72226112201352
2040	3.7207785592462157
2041	3.719190301252542
2042	3.7170537517155897
2043	3.7148207186947007
2044	3.713254069846524
2045	3.710563481968219
2046	3.7076565303641744
2047	3.7047505245110983
2048	3.7014428733528213
2049	3.6981169952190847
2050	3.694562245522469
2051	3.691832459365429
2052	3.6897997351281617
2053	3.6878348070008156
2054	3.6872079720513526
2055	3.6864696719868815
2056	3.6868447036285295
2057	3.686473714497932
2058	3.686264530554124
2059	3.6857098879762855
2060	3.685824300579713
2061	3.686144707323557
2062	3.6866125873350675
2063	3.687085919178421
2064	3.686323629509742
2065	3.6848446584368975
2066	3.6822969084282944
2067	3.679402446416055
2068	3.6766556598376368
2069	3.6735632935619535
2070	3.6701569012184243
2071	3.666639955790324
2072	3.662404708344108
2073	3.6580438044160517
2074	3.6537644704711347
2075	3.6491553087349087
2076	3.6455327131407578
2077	3.64262415114551
2078	3.6396750968914184
2079	3.6366856575542434
2080	3.634850777251657
2081	3.632806073953739
2082	3.630404228353837
2083	3.629058142432488
2084	3.6279466139729886
2085	3.6259398063056802
2086	3.6234462275855526
2087	3.6201313551658556
2088	3.6181185464900376
2089	3.6164840131572973
2090	3.614896237309202
2091	3.6137881211757015
2092	3.612826507243474
2093	3.6122844032161288
2094	3.6120181371226177
2095	3.6123583963025996
2096	3.6119769421207573
2097	3.6105075818573025
2098	3.6091729034577114
2099	3.6085101656891228
2100	3.607936613958756
2101	3.6067124324003896
2102	3.6054045754015966
2103	3.6043374469505274
2104	3.6026325684676332
2105	3.6014623545335893
2106	3.599620694170025
2107	3.5974344798857216
2108	3.5954254072132072
2109	3.593445735512717
2110	3.59256895460088
2111	3.5920769844054297
2112	3.5906716709690127
2113	3.5884745927286
2114	3.5853631456160615
2115	3.5825664641486754
2116	3.5812734151433867
2117	3.580908561925041
2118	3.5785534363774842
2119	3.5756756220951127
2120	3.572360290296852
2121	3.569257848036419
2122	3.5666537502446425
2123	3.564142348569735
2124	3.5625128768827077
2125	3.559931655346342
2126	3.5584434443042894
2127	3.5566064265732935
2128	3.5553188895672005
2129	3.553424708765454
2130	3.5513540929144307
2131	3.5502758402621586
2132	3.549677130884239
2133	3.5499581723121643
2134	3.5500799511001815
2135	3.5489029737400473
2136	3.5472440072377833
2137	3.5460759959813184
2138	3.5456398734396073
2139	3.545263220945545
2140	3.546328150255557
2141	3.5466293190990394
2142	3.547310275264935
2143	3.5483159349791022
2144	3.548624137150921
2145	3.5499085471744025
2146	3.54956467378019
2147	3.5482231499867543
2148	3.5472265396920077
2149	3.5463121539120963
2150	3.544658675212767
2151	3.542706241713522
2152	3.540981418275867
2153	3.5395697482955963
2154	3.5390918879610433
2155	3.5384817620082503
2156	3.537788362501429
2157	3.536445220943891
2158	3.535009610331335
2159	3.5338414745374234
2160	3.5327145512021025
2161	3.531250909017505
2162	3.530055331912594
2163	3.5283460671602507
2164	3.527792291036471
2165	3.5256461256738767
2166	3.52394333700439
2167	3.521699887368595
2168	3.5181027218927086
2169	3.514994719508818
2170	3.5123147673533026
2171	3.509690556444716
2172	3.50820057009606
2173	3.5070851021293117
2174	3.5054740305817096
2175	3.504873159450386
2176	3.5042237477635902
2177	3.5051006282168644
2178	3.5066189445193148
2179	3.507981364720753
2180	3.509059080488675
2181	3.510729899219599
2182	3.512138194435926
2183	3.5138414213044764
2184	3.5153992944209893
2185	3.517091272878357
2186	3.5186679177326186
2187	3.5210987717554447
2188	3.523378584285814
2189	3.5252397963452253
2190	3.526624156941816
2191	3.5287011773159875
2192	3.529618992861216
2193	3.5309453576944363
2194	3.5321454608874943
2195	3.5332814854522185
2196	3.533726684864613
2197	3.5340835189838984
2198	3.5348097324770342
2199	3.5351855581812637
2200	3.535321625045981
2201	3.5355308706771336
2202	3.5355581724989418
2203	3.536026621685664
2204	3.5364576977924598
2205	3.537566886042391
2206	3.537975011104316
2207	3.5381467490244494
2208	3.538222703710326
2209	3.5371516004773014
2210	3.5358893920514234
2211	3.533876278034768
2212	3.531088946294815
2213	3.528987080488812
2214	3.5274727467256612
2215	3.525242820375913
2216	3.524443495857292
2217	3.524146132698758
2218	3.5246006460399197
2219	3.5246967298262755
2220	3.524637170068709
2221	3.5244248630906116
2222	3.5238373407706263
2223	3.5247902762152683
2224	3.5253044440253705
2225	3.526482989819288
2226	3.527352253808741
2227	3.529478152766095
2228	3.5319878304656243
2229	3.5345759310559393
2230	3.537326017438104
2231	3.5403913227242922
2232	3.5434637993024807
2233	3.5465740818358973
2234	3.5509671276159036
2235	3.5545186689412067
2236	3.557862527585563
2237	3.562854937790988
2238	3.5683307447164143
2239	3.5736843097181477
2240	3.578569209203901
2241	3.584240672212513
2242	3.5897517722420513
2243	3.594494431823371
2244	3.5992626285146954
2245	3.603979043980231
2246	3.6082903227149044
2247	3.612331563471158
2248	3.6157351150402395
2249	3.618788156482443
2250	3.6216032481118643
2251	3.6241869934748325
2252	3.6275759159143295
2253	3.631437846631022
2254	3.6353673967334075
2255	3.639726135639168
2256	3.6433136106379624
2257	3.646939785819509
2258	3.6505768218689956
2259	3.6543147776764995
2260	3.657946947866515
2261	3.6620259329165257
2262	3.6658868712684645
2263	3.669996325391856
2264	3.6740321131660583
2265	3.678257058790311
2266	3.682207873404529
2267	3.6862354555229757
2268	3.689858039248394
2269	3.692923186439357
2270	3.69613618539816
2271	3.698675506235369
2272	3.7009341479191984
2273	3.703190241673695
2274	3.704977810887405
2275	3.7070470535327975
2276	3.708441172834183
2277	3.709004145431915
2278	3.710514638758754
2279	3.711676579207279
2280	3.7128833231493723
2281	3.7146409539393
2282	3.716290844561337
2283	3.7167983543202614
2284	3.71795933329558
2285	3.7195050528469835
2286	3.72120016513219
2287	3.7225064804375996
2288	3.7241167808925444
2289	3.725046042147104
2290	3.7263991431347883
2291	3.727801571394518
2292	3.7294415769941356
2293	3.730250127228936
2294	3.7304219986238016
2295	3.729914440239845
2296	3.7303055383252195
2297	3.730671586446989
2298	3.7297717939679305
2299	3.729176213977723
2300	3.7299230705494355
2301	3.729978217869935
2302	3.7308253876967483
2303	3.731557364329909
2304	3.7326738665942463
2305	3.7341841225565604
2306	3.737233409916823
2307	3.7402408772651152
2308	3.742242173619263
2309	3.743761589998639
2310	3.74505111309511
2311	3.7463027182206132
2312	3.7472402443903485
2313	3.7487443678461125
2314	3.7505298887894076
2315	3.7528729761352833
2316	3.7539911155982724
2317	3.7552198002641806
2318	3.757041280291482
2319	3.758745074146727
2320	3.7603012572380643
2321	3.760656842343478
2322	3.761966694435783
2323	3.7619589651810226
2324	3.762337594948344
2325	3.762966005419842
2326	3.7641958387525025
2327	3.765432871878541
2328	3.7662643658275945
2329	3.766901970486775
2330	3.7666413536043364
2331	3.7664563526187376
2332	3.766360352736633
2333	3.766716977665355
2334	3.7665525844885575
2335	3.766713043542657
2336	3.7662696098075927
2337	3.7653421989983444
2338	3.765127419923965
2339	3.7646466755477253
2340	3.764159005494277
2341	3.764134430919531
2342	3.7642154446821428
2343	3.7639354200391435
2344	3.7640848465656482
2345	3.7650733843999316
2346	3.7659013518501157
2347	3.7673667992086335
2348	3.769165669144129
2349	3.7698713663367918
2350	3.7701988218796236
2351	3.7704123333320827
2352	3.770326027143576
2353	3.7703568818733832
2354	3.77156623007188
2355	3.7729119720804745
2356	3.77451668687332
2357	3.777391487192837
2358	3.7807407316165302
2359	3.784755491034471
2360	3.7895603403001004
2361	3.7935963138786617
2362	3.7975780417129945
2363	3.8015651205831005
2364	3.80606277672919
2365	3.810463245207521
2366	3.8147957004818736
2367	3.8194112960353457
2368	3.8242530281844775
2369	3.8283221488626196
2370	3.8324114236614677
2371	3.8363022474380717
2372	3.839726550215304
2373	3.843289347423647
2374	3.847054868823617
2375	3.8500459662673467
2376	3.853891204602548
2377	3.8575651636882364
2378	3.860739730951719
2379	3.864532901196616
2380	3.8681434831632986
2381	3.8721785493460987
2382	3.8762641270146365
2383	3.880209396659543
2384	3.884530710371896
2385	3.8890930721072747
2386	3.894031955646152
2387	3.8991359963717627
2388	3.9043106283768716
2389	3.909248241878158
2390	3.9141473299990617
2391	3.91861291619645
2392	3.9234419404748504
2393	3.9285570188768895
2394	3.933566102114694
2395	3.9375749580863726
2396	3.9421103611651795
2397	3.947225815761901
2398	3.951611287585158
2399	3.9555898948706933
2400	3.9599300295122344
2401	3.9643923792924345
2402	3.9686330693030882
2403	3.9729164748644146
2404	3.9771840592837218
2405	3.9816335430908745
2406	3.9861512989496033
2407	3.990851441605725
2408	3.9955009182745407
2409	3.9999298975964055
2410	4.003803402641701
2411	4.007370507378039
2412	4.010249173155842
2413	4.012751740996638
2414	4.014753689323117
2415	4.016633500731881
2416	4.018496380476639
2417	4.020049160785412
2418	4.021304321188585
2419	4.022641884711643
2420	4.023773215233301
2421	4.02487579309727
2422	4.025657689202627
2423	4.0270447608593125
2424	4.027717588906333
2425	4.028449737329411
2426	4.028316063085309
2427	4.027303271477617
2428	4.026395700644015
2429	4.025457038458312
2430	4.023733864803059
2431	4.021794545496225
2432	4.020277132928236
2433	4.0183463850105205
2434	4.016310556915
2435	4.014040615112903
2436	4.011701043290295
2437	4.009719430261102
2438	4.006716224864413
2439	4.003589481190656
2440	4.000154850528305
2441	3.9971108288449075
2442	3.9937127562362305
2443	3.9899086002756703
2444	3.9863072746483046
2445	3.982940798976636
2446	3.979740573336311
2447	3.9765304072536605
2448	3.9740928259993358
2449	3.9719763642314847
2450	3.9688001760560696
2451	3.9654953608111576
2452	3.9621731193880287
2453	3.958605661152944
2454	3.9544078684467916
2455	3.950783809162772
2456	3.947361410880705
2457	3.9437030596756575
2458	3.940342311377346
2459	3.937697241719851
2460	3.934704505908958
2461	3.931990678486255
2462	3.9290297208917475
2463	3.9259222412587613
2464	3.922434444723702
2465	3.9189487619022096
2466	3.915295503024931
2467	3.912382116090592
2468	3.908801541180293
2469	3.906200967079199
2470	3.9024682041850656
2471	3.8981544280497635
2472	3.893562240181861
2473	3.8893973181631374
2474	3.884669567659205
2475	3.879977228581104
2476	3.8743805103929994
2477	3.868426356892406
2478	3.862623194036635
2479	3.856739170936629
2480	3.8515775715098015
2481	3.846983929971034
2482	3.84213837727663
2483	3.8373418920169575
2484	3.8324087832975646
2485	3.828567444099337
2486	3.8252709659715878
2487	3.8222281896156134
2488	3.8189817036570575
2489	3.8164453586450104
2490	3.8134690313204285
2491	3.8097446523758967
2492	3.805220062547947
2493	3.80034120111845
2494	3.795917948874737
2495	3.7917922652164116
2496	3.786884504826398
2497	3.782600497098168
2498	3.7783252994076553
2499	3.7739907895919327
2500	3.770139652640698
2501	3.7667842680066577
2502	3.763988501251557
2503	3.76101373337966
2504	3.7579076784326815
2505	3.755483354045733
2506	3.7529498758429454
2507	3.750082275023596
2508	3.7473067062880676
2509	3.744432587696903
2510	3.7419205168227476
2511	3.738712754185138
2512	3.735892485914225
2513	3.732926466480271
2514	3.7305905369951087
2515	3.72823948780852
2516	3.7253963694268224
2517	3.723115960113553
2518	3.720569022498995
2519	3.7185183149585854
2520	3.7164055319391585
2521	3.713578082127458
2522	3.7112054095504705
2523	3.708224181538145
2524	3.7051723207155707
2525	3.701904443946881
2526	3.6983759749196095
2527	3.6957145434565866
2528	3.6919116716653475
2529	3.6884385155810553
2530	3.6854274318143316
2531	3.6828652782110827
2532	3.680656703852444
2533	3.6780507885571874
2534	3.6755705556613965
2535	3.6739484500591746
2536	3.6726237093398106
2537	3.671500834360468
2538	3.6705963739294356
2539	3.6698795189357916
2540	3.6689804600515448
2541	3.6684513222017676
2542	3.6679261480047236
2543	3.668364956188143
2544	3.668634832737608
2545	3.66905901214361
2546	3.669752554217357
2547	3.6696554770046217
2548	3.6699151599636504
2549	3.6705638335644823
2550	3.6705841108826847
2551	3.6706660934189204
2552	3.671364839140105
2553	3.6715803353809195
2554	3.6723864618776316
2555	3.672455770964824
2556	3.6720055582648445
2557	3.6717861378915932
2558	3.6715297179126574
2559	3.671891946751192
2560	3.6732974107266547
2561	3.674183832237091
2562	3.675439423686219
2563	3.6765609179451135
2564	3.6777819756746504
2565	3.6789964166820925
2566	3.681749500955182
2567	3.6848851205525284
2568	3.6881264982737547
2569	3.6909729336690593
2570	3.6930916169000616
2571	3.69445399989838
2572	3.6954676943579767
2573	3.695737856974314
2574	3.6953567225452013
2575	3.6943134240696582
2576	3.69298660962006
2577	3.6912372328687937
2578	3.690408802292614
2579	3.6897500827034153
2580	3.688384280525565
2581	3.686543678835743
2582	3.683636366768619
2583	3.6806906610034114
2584	3.67790237452892
2585	3.674817799275665
2586	3.6727273859242535
2587	3.670017797393679
2588	3.6681371907175926
2589	3.665745912180295
2590	3.663230539617823
2591	3.6606124156563715
2592	3.6575769967463914
2593	3.655202745449891
2594	3.6529094814453225
2595	3.6506575915882817
2596	3.6487730523099566
2597	3.6467777367342133
2598	3.6446103139251087
2599	3.641653414550045
2600	3.638086209998696
2601	3.633436690273016
2602	3.62814627090017
2603	3.6233735042182027
2604	3.6192996246024336
2605	3.614656902047724
2606	3.610214999389586
2607	3.606358587912292
2608	3.6028331210014595
2609	3.6000588008330863
2610	3.5973548853235937
2611	3.5944838669575154
2612	3.5916572962653532
2613	3.588901551020959
2614	3.5854007225434272
2615	3.581618811496677
2616	3.57784174235318
2617	3.57334504706447
2618	3.5693740806594376
2619	3.5651243254872402
2620	3.5610216421097802
2621	3.5566810110189135
2622	3.552191481545616
2623	3.547860358223935
2624	3.543898233385085
2625	3.540053677839386
2626	3.535910412708912
2627	3.5318896682813605
2628	3.5279711385977737
2629	3.5227856398624056
2630	3.5174935757011734
2631	3.511817668993682
2632	3.5067003460124084
2633	3.501617852947753
2634	3.4969974122885232
2635	3.4921654126437804
2636	3.4872674819532232
2637	3.482951006150525
2638	3.4792812891187315
2639	3.475329856865314
2640	3.4719828315246426
2641	3.470538872103702
2642	3.4693252973400757
2643	3.4676930658953427
2644	3.465706909135904
2645	3.464351472315395
2646	3.462152279796484
2647	3.460075262486668
2648	3.457535869854876
2649	3.4557370352044705
2650	3.453391560165402
2651	3.4504875516501086
2652	3.4475978564135104
2653	3.4450921713533464
2654	3.4423029764020523
2655	3.440013655818177
2656	3.4374794695025384
2657	3.435120768852543
2658	3.433076847189975
2659	3.4314314478558847
2660	3.430138076953824
2661	3.4299680313464243
2662	3.4291923152657913
2663	3.428329148202526
2664	3.4269099950437707
2665	3.4246599442039884
2666	3.4227152709778137
2667	3.4216276215494323
2668	3.4211609014637285
2669	3.4220051127080633
2670	3.4221118146004463
2671	3.4216148755123053
2672	3.4206423257529917
2673	3.419716056988128
2674	3.417691205010978
2675	3.4154518881039766
2676	3.4133870509167745
2677	3.411309118437123
2678	3.4090401447208962
2679	3.4066602867660327
2680	3.4046029318354725
2681	3.4026624091221227
2682	3.4006891826273673
2683	3.399210863703192
2684	3.3973837062131413
2685	3.3945074813690916
2686	3.3914168576647583
2687	3.3886660100886017
2688	3.384770018109701
2689	3.382392434654443
2690	3.3800007065597146
2691	3.375927433285297
2692	3.372412818386037
2693	3.369082962697466
2694	3.365185395030459
2695	3.360525708418863
2696	3.3564060904672677
2697	3.352091697632766
2698	3.347271103147638
2699	3.3420004842477073
2700	3.3367121712537458
2701	3.3317025579364206
2702	3.3256533345235497
2703	3.3202964882362274
2704	3.3138260336880085
2705	3.3083990800463265
2706	3.3030658882264365
2707	3.297981032030599
2708	3.2930458471878663
2709	3.288000950327217
2710	3.2818515939390434
2711	3.2772596446176063
2712	3.2720594219178607
2713	3.2667921004346216
2714	3.2615737579209485
2715	3.2562000976376213
2716	3.2519694966604127
2717	3.2488221957931045
2718	3.2448047289027655
2719	3.241451118083835
2720	3.2381874840765774
2721	3.235097745225823
2722	3.2307917891070432
2723	3.22582136125869
2724	3.2209886525392935
2725	3.217232401587756
2726	3.2135037000980726
2727	3.2121662338959216
2728	3.211696694218543
2729	3.210984465582962
2730	3.2095026862777267
2731	3.2075734186465334
2732	3.206348938212292
2733	3.2055813333719665
2734	3.2051247233751132
2735	3.2047427532036137
2736	3.2047995325781895
2737	3.204981872668033
2738	3.205200095471336
2739	3.205907591098672
2740	3.2081436777537067
2741	3.209932566177076
2742	3.212416144195053
2743	3.214021370794316
2744	3.215796012341554
2745	3.2168131434575606
2746	3.2174816528278196
2747	3.21767913715159
2748	3.2172229340722516
2749	3.216848242977969
2750	3.216367305640257
2751	3.2165156445182985
2752	3.2184130635634056
2753	3.2210763877972823
2754	3.223375750567248
2755	3.226352561002964
2756	3.229615559369603
2757	3.233059731273447
2758	3.237827658928593
2759	3.24171386355007
2760	3.245729052693869
2761	3.2489621428274686
2762	3.251567100532125
2763	3.2533277797734645
2764	3.2540220850772914
2765	3.2544754051034865
2766	3.2547210668405513
2767	3.2547534724744525
2768	3.2544768126964603
2769	3.254954297465744
2770	3.2564103970077776
2771	3.2581374195105983
2772	3.2602794760135234
2773	3.262369967698188
2774	3.2642505994424074
2775	3.2654373846018814
2776	3.266601502436852
2777	3.267119380960908
2778	3.2663555944376976
2779	3.2656365042077455
2780	3.2642719502511577
2781	3.2620901602357932
2782	3.2596065588562286
2783	3.2571140824847507
2784	3.256319058782786
2785	3.2561322930806256
2786	3.256933890439883
2787	3.2575052373442093
2788	3.256728321248863
2789	3.2551418623494612
2790	3.2540809573613036
2791	3.251669956382855
2792	3.2499692101031767
2793	3.247929693155871
2794	3.247135804534683
2795	3.2467005111147635
2796	3.246440549543232
2797	3.245959310182495
2798	3.2450904957901834
2799	3.242542215360242
2800	3.2398936941618404
2801	3.238058589351698
2802	3.234405979008975
2803	3.230758133893367
2804	3.2284301370731687
2805	3.226182185141077
2806	3.224062826299754
2807	3.2220672600245077
2808	3.2203418184948083
2809	3.2197499570612313
2810	3.2196057707195394
2811	3.218800598899827
2812	3.2174913927230184
2813	3.2174528033134204
2814	3.216709791309196
2815	3.215812601733227
2816	3.214943487415665
2817	3.2144223912203156
2818	3.2146692535288834
2819	3.214814660625602
2820	3.2149248907570502
2821	3.2164454157694413
2822	3.2173294797652368
2823	3.21813957971877
2824	3.2180919789631393
2825	3.2180694669772616
2826	3.2182609767559605
2827	3.217543632096593
2828	3.215600502834624
2829	3.213178433829873
2830	3.210210067152015
2831	3.2073061327100247
2832	3.205409094702578
2833	3.203059270261743
2834	3.2016314715212233
2835	3.199970962280556
2836	3.198272223301374
2837	3.197147171904639
2838	3.1963389266695232
2839	3.194512668803225
2840	3.192398140123404
2841	3.1917700055440195
2842	3.1901441518765963
2843	3.187565741120314
2844	3.1842999642829932
2845	3.181869474489245
2846	3.181787415768465
2847	3.1808505118621384
2848	3.180711840239824
2849	3.1809217664842313
2850	3.181273382632341
2851	3.1816576795108826
2852	3.1830249108780295
2853	3.1851898960652836
2854	3.188206441940334
2855	3.1912742047364695
2856	3.193458497470571
2857	3.1950733735955597
2858	3.1955494823718094
2859	3.1965215335663655
2860	3.1967308185344923
2861	3.1972917860305414
2862	3.1979099056020552
2863	3.199109134339119
2864	3.199507099914462
2865	3.199819860222665
2866	3.199100622890592
2867	3.1982693691909168
2868	3.1984238097151687
2869	3.198798394742278
2870	3.1979839253842384
2871	3.198041790269788
2872	3.1980081238849
2873	3.197788529475469
2874	3.1969624199758058
2875	3.1949323636330176
2876	3.1934063796686747
2877	3.1913412818295326
2878	3.1883537491782565
2879	3.1846107897390574
2880	3.181287867553052
2881	3.1794026999165976
2882	3.1786096232440415
2883	3.1773363824060357
2884	3.1759693496639403
2885	3.173981996840334
2886	3.172777029229039
2887	3.1709457105468957
2888	3.167312849120762
2889	3.163971974248716
2890	3.160679302314519
2891	3.1564478940695015
2892	3.1518922530256805
2893	3.1486170002560847
2894	3.1462637447563515
2895	3.143536573174299
2896	3.1396284087426625
2897	3.136451805801431
2898	3.132968965359156
2899	3.1295128282245526
2900	3.125344404523361
2901	3.1215779827283385
2902	3.1160349915694447
2903	3.1106440980739536
2904	3.104418876083023
2905	3.0990549345229534
2906	3.093966382943195
2907	3.089740501600375
2908	3.086650965574865
2909	3.084018867768583
2910	3.0815123536200697
2911	3.0788434334020325
2912	3.0769191299691845
2913	3.0756906065170844
2914	3.0736965665254825
2915	3.072676053267783
2916	3.0727426004610097
2917	3.0730831311735143
2918	3.072626901833447
2919	3.0730361207760564
2920	3.074162186550367
2921	3.0749552242198583
2922	3.077231398509948
2923	3.0805670860471692
2924	3.083624118099927
2925	3.0872507959708653
2926	3.0911507121998167
2927	3.096351069109691
2928	3.1012545572569734
2929	3.1055897959309826
2930	3.1108617001870447
2931	3.1158974781050723
2932	3.1215780243620115
2933	3.1264872693845835
2934	3.130968761332958
2935	3.1355482618389714
2936	3.140415281438633
2937	3.145833100607168
2938	3.1497135094198727
2939	3.15147497308217
2940	3.1522963997726308
2941	3.1509624798242526
2942	3.1522360048543927
2943	3.155990609601103
2944	3.1597238042390936
2945	3.162727717267667
2946	3.1652546405137616
2947	3.1692006010026605
2948	3.172840884732884
2949	3.175318128271688
2950	3.178358785417704
2951	3.1812089065127
2952	3.1836041922749376
2953	3.1864783581693676
2954	3.1880147086447055
2955	3.1887468882859085
2956	3.189461338800321
2957	3.1914068377314715
2958	3.1947525302720132
2959	3.197916648841126
2960	3.2012971700234734
2961	3.2034110867278223
2962	3.2061064479103965
2963	3.209150644910255
2964	3.2128255953252887
2965	3.2167514925689424
2966	3.221462898226692
2967	3.2267666289572516
2968	3.231840652078573
2969	3.23893359101361
2970	3.2462579007957473
2971	3.2536042838071277
2972	3.2572182448230627
2973	3.260382787972491
2974	3.261820476601532
2975	3.264258231235216
2976	3.266459035372726
2977	3.2688259125824533
2978	3.2710046387332814
2979	3.2733773587245794
2980	3.276727871748744
2981	3.2796720685584826
2982	3.2818508965867927
2983	3.282630731431061
2984	3.282159147080662
2985	3.281408390607269
2986	3.28026041878424
2987	3.2791992160723633
2988	3.27718987159154
2989	3.2785438557563045
2990	3.2788289078234687
2991	3.2789284106801246
2992	3.2795659521269234
2993	3.279961944936831
2994	3.278521819658876
2995	3.2752830760492477
2996	3.2722445515112177
2997	3.2689870456610053
2998	3.2654212544252115
2999	3.2612434214448776