0	3.9833333333333334
1	3.9598791294638693
2	3.7950737540881305
3	3.6512546430361965
4	3.4511404635397684
5	3.2873217827517722
6	3.1779206481173943
7	3.085108092786958
8	2.9941046621915675
9	2.888689289941077
10	2.804993179358716
11	2.7231255583166645
12	2.652211952032829
13	2.59971636239697
14	2.5430472570917715
15	2.517836126197746
16	2.46994043883928
17	2.4509546308396373
18	2.4130802320093356
19	2.366304833058959
20	2.3362843256456363
21	2.303027093466988
22	2.2766031236598794
23	2.2541310482680452
24	2.235009556009605
25	2.2014575939979055
26	2.176705395257147
27	2.177378052683268
28	2.1533014068988567
29	2.1292892546511637
30	2.1083330164371357
31	2.092372481752023
32	2.083775740170067
33	2.067899377701543
34	2.0458354706613058
35	2.0274978529237813
36	2.0101624190205083
37	2.015994838808906
38	2.0060078104964028
39	1.9993501620054877
40	1.9877766247326951
41	1.9748901426741157
42	1.9827627734362259
43	1.9755278746883025
44	1.9671567014963633
45	1.9703432234711689
46	1.9679178634230106
47	1.9622403901113044
48	1.9508095067297437
49	1.941186556406127
50	1.9330788194791282
51	1.92884319670171
52	1.9317082727367683
53	1.9315902673105696
54	1.9208055919627496
55	1.919237539697861
56	1.9187620562664132
57	1.9096133475544699
58	1.9043308229425862
59	1.9011514674810408
60	1.8987147783749374
61	1.8981413128751334
62	1.8877586033468972
63	1.8859245651776237
64	1.8785335412169537
65	1.8757905386425728
66	1.8700533764231222
67	1.8758149267635802
68	1.8716233238363682
69	1.8644632137299488
70	1.858336407036165
71	1.8549346497516268
72	1.8530155481127966
73	1.8506197400798616
74	1.8507258915724007
75	1.8493086567566581
76	1.847165930700061
77	1.853564146707138
78	1.8484621219244688
79	1.8462946128239142
80	1.8434351426963036
81	1.8370007829648183
82	1.8317123032589708
83	1.8269463762655935
84	1.8234982736766845
85	1.8204072728279668
86	1.816161245374992
87	1.8126325991677057
88	1.8108281179245098
89	1.8058776204066027
90	1.8080666520918318
91	1.8078577717033082
92	1.8033725410550192
93	1.802903220028642
94	1.801429149563312
95	1.7974991478848004
96	1.7933617850458259
97	1.794571167694595
98	1.7896928196524335
99	1.427452621164494
100	1.4263560998813654
101	1.4208073853063814
102	1.4184179138115656
103	1.422726782723106
104	1.431086025251012
105	1.4296032834507366
106	1.4244100956207215
107	1.4230109280667873
108	1.4237581462325268
109	1.4216667760534607
110	1.423923341849527
111	1.4309629441253544
112	1.427172621098317
113	1.4291935645354432
114	1.4283550367077276
115	1.4216481627488846
116	1.4156636783172203
117	1.4093240478034788
118	1.4111819915538804
119	1.4109495239729186
120	1.4094898782842205
121	1.411183588753363
122	1.4077866084566297
123	1.4065785723762203
124	1.4088566652974037
125	1.4090151484322897
126	1.4061865614570448
127	1.3930951113136123
128	1.394471351745159
129	1.3935743116966086
130	1.392370627568477
131	1.3852957192492423
132	1.3747847825194315
133	1.3747798932141777
134	1.3730688830883235
135	1.3732735669021272
136	1.3757568422404078
137	1.3683578282025377
138	1.3685017503867956
139	1.3590935786952032
140	1.358449925056063
141	1.3603834104189627
142	1.3590594226940154
143	1.3610734768377937
144	1.3594907268407452
145	1.361974975084077
146	1.3595922295057157
147	1.3545158009973102
148	1.357014686471206
149	1.3543017968588378
150	1.3499117685633861
151	1.3441188806537843
152	1.3377198464459223
153	1.3461706135885594
154	1.346871589878183
155	1.3374083862512092
156	1.3378121654902644
157	1.3461223806066431
158	1.3427691374011512
159	1.3462709667398254
160	1.3447305555705944
161	1.348410131161471
162	1.3500328303351379
163	1.3510607149768228
164	1.3529391346338775
165	1.3519155969432213
166	1.3622047186648445
167	1.3521407727133712
168	1.353397943126292
169	1.3563911219118772
170	1.3561118581675835
171	1.3610099409737366
172	1.3672823589066694
173	1.3646728625548525
174	1.3620907933117488
175	1.3611137125250896
176	1.3603991258404837
177	1.3610296867767675
178	1.361534692688856
179	1.3563162233906152
180	1.3512995968269512
181	1.3457453414907727
182	1.3510257019338254
183	1.3523843040766221
184	1.3541736564592923
185	1.3582685746738352
186	1.3549539999023803
187	1.3597672578180482
188	1.366427350572042
189	1.3750101237553285
190	1.3713146275586021
191	1.3690055672379373
192	1.3704108886806332
193	1.3697459776510181
194	1.3712899954672026
195	1.3816040261409959
196	1.381308342319808
197	1.3817742495304666
198	1.3825592226651637
199	1.3815737833707946
200	1.3848409245446436
201	1.3829461652270703
202	1.3932640465865858
203	1.3905063835569336
204	1.3934081388476953
205	1.3981957856536131
206	1.397235643331119
207	1.3988209962665303
208	1.401350741613393
209	1.402258769146289
210	1.404504126057401
211	1.39945455464276
212	1.395783726799412
213	1.394234380289526
214	1.3986169230479206
215	1.3984768874831055
216	1.4007340508245416
217	1.399437148767405
218	1.3912787794488795
219	1.3919806284308394
220	1.3929301760739239
221	1.3922826998244058
222	1.392769334793823
223	1.3922470817859778
224	1.3879616777697572
225	1.3931490341415322
226	1.3978228021645245
227	1.3997470692652765
228	1.3958474917115384
229	1.3914036597373636
230	1.394209895474785
231	1.3956089068455786
232	1.399391918838073
233	1.4012823227996933
234	1.4052269622102533
235	1.4088228892206456
236	1.4091136029338072
237	1.4087189002182599
238	1.4142657764246709
239	1.4141799716472259
240	1.416824823621003
241	1.4146726383326105
242	1.413364955489998
243	1.4088550992849718
244	1.4075130601539767
245	1.408268275789476
246	1.4154234897212197
247	1.4166126670558319
248	1.4168286584808312
249	1.418107015236923
250	1.4174453335070667
251	1.4182617940586164
252	1.4166021942088691
253	1.4158149205092718
254	1.4163501861006975
255	1.420145824746334
256	1.4183309521928888
257	1.41693585953758
258	1.4167730115398602
259	1.4172418490533423
260	1.4211715368575886
261	1.4203050400303554
262	1.4221178892707094
263	1.42391300331076
264	1.4271613689415605
265	1.4277297546779149
266	1.4225129281211375
267	1.4239272214746863
268	1.4215684399555488
269	1.4184323761575302
270	1.420735461940881
271	1.4189322797306363
272	1.4109678539032855
273	1.410145119343128
274	1.4092893486529616
275	1.4054474304232907
276	1.407813906186383
277	1.4082330146815096
278	1.4103400286125714
279	1.4139721548657553
280	1.4102073444715304
281	1.4158008478173585
282	1.421340739103513
283	1.4220261913468406
284	1.4280566034460522
285	1.4287061937467973
286	1.4272374639640424
287	1.4214851286299353
288	1.4198203584537168
289	1.4141753670640393
290	1.4157544212685769
291	1.4178998743118376
292	1.4188025002310476
293	1.4179357289366712
294	1.419282139636559
295	1.4164686197935823
296	1.4206580758958869
297	1.4232254896639407
298	1.4194211224488156
299	1.420846651455065
300	1.416649571140873
301	1.4203584664531055
302	1.4102157493061478
303	1.4071167317076472
304	1.402776760295699
305	1.4016210651428758
306	1.405168751684336
307	1.4066369167381048
308	1.4047186257452675
309	1.4038680043571112
310	1.3991316727908505
311	1.3970244705244825
312	1.3981150392036157
313	1.3983012864835358
314	1.3997537424175868
315	1.4011782981838041
316	1.3999297567090898
317	1.402887233040066
318	1.4008788112079193
319	1.4001092392513976
320	1.3958187600542797
321	1.3951704648819572
322	1.3919843498707634
323	1.3912635043641424
324	1.3917780080829032
325	1.3861717496885584
326	1.3902835526682793
327	1.3933353346488355
328	1.3907282393249818
329	1.3942466792629415
330	1.3930198458411984
331	1.385090153210077
332	1.3873300928158736
333	1.3826860845943558
334	1.3802564156749564
335	1.3720070298607747
336	1.3727724216459944
337	1.3712718021194905
338	1.374236225406779
339	1.3705752335102657
340	1.3726209476114433
341	1.371651563371344
342	1.3733919607107532
343	1.374242973251634
344	1.3751280784333806
345	1.3764643733739537
346	1.371034099316006
347	1.3694839212596543
348	1.3677082818333972
349	1.3711716429730945
350	1.3796504490743347
351	1.3807375987864712
352	1.3835395105619743
353	1.3817060914287582
354	1.3807695996009135
355	1.3799902540988955
356	1.3846312394057627
357	1.383614798584963
358	1.3825668276496361
359	1.3843019704698263
360	1.3833043047150755
361	1.3839072943370296
362	1.3886624145459772
363	1.3892999700722826
364	1.388776673768768
365	1.3888246065694012
366	1.3819428999601
367	1.3865412666601917
368	1.3865775274962346
369	1.3860408218770992
370	1.3874708803609546
371	1.3927031103079304
372	1.396408284348044
373	1.3973087041037153
374	1.4017826486314309
375	1.402519823566739
376	1.3992916343970736
377	1.394334325006296
378	1.3961122360277105
379	1.4019656547584771
380	1.402066382331182
381	1.4037894561933832
382	1.4027133389373199
383	1.4029604897379118
384	1.400162807534746
385	1.4034131477095662
386	1.4066818552233393
387	1.4082447123613193
388	1.4088360800689717
389	1.408065494879773
390	1.4075625543467898
391	1.4146239317993456
392	1.4161608355403486
393	1.4222002300804066
394	1.4283567097226415
395	1.4252569712980727
396	1.4220169442881105
397	1.4217351790824053
398	1.425899693123006
399	1.4243839033872936
400	1.4273787353293608
401	1.421172396819309
402	1.4277463474293932
403	1.4283489077386897
404	1.4270506269708318
405	1.4258011495881437
406	1.427457227860825
407	1.422940664327475
408	1.4244796367227088
409	1.433410636642541
410	1.4365023410310476
411	1.4359116002620629
412	1.4334637591793427
413	1.4325443088699752
414	1.4318896822557212
415	1.4294658264429356
416	1.4323374588723923
417	1.4287861283318037
418	1.4389895764950325
419	1.4405395372285892
420	1.445069613045585
421	1.449000840768522
422	1.4506879951150098
423	1.4501530073599789
424	1.4568154116012186
425	1.4517282864263856
426	1.4478252425864284
427	1.4398198838099212
428	1.4443915890722718
429	1.4435262880796018
430	1.4458648205289135
431	1.4508969077877987
432	1.450260155881582
433	1.4507183958081415
434	1.4500284835255421
435	1.4533564197692808
436	1.4543559152152783
437	1.4577092454573533
438	1.45208076386491
439	1.4504797354822927
440	1.446134330342336
441	1.4515311859866424
442	1.4557847297463242
443	1.456771642867101
444	1.4607004421594973
445	1.4614005810680843
446	1.461124838272029
447	1.460604160950265
448	1.459502585775637
449	1.4557738950065044
450	1.4535431970152233
451	1.4552718303182273
452	1.449607835696826
453	1.4509296774716591
454	1.4482802283182636
455	1.4538217560882243
456	1.4512460940016467
457	1.4512067104196307
458	1.4550448606619233
459	1.4559997465701278
460	1.4556427269153216
461	1.4538337701691788
462	1.4522947913815016
463	1.4539849079624334
464	1.4544550621274308
465	1.4550419162362753
466	1.4578039466966406
467	1.4580384592159648
468	1.461000867248017
469	1.4596721011077955
470	1.4590913108410746
471	1.4567007135675953
472	1.4548546638046347
473	1.457573109155027
474	1.4615938228415613
475	1.462191215878021
476	1.4661659514029857
477	1.4721935460852729
478	1.4708724689273796
479	1.4664103925261078
480	1.4686875735179998
481	1.4700412445645026
482	1.4666019060123106
483	1.467188929457589
484	1.4669104983306178
485	1.468688932242382
486	1.4721718710749612
487	1.4757117252623828
488	1.4786042148986616
489	1.4767617227461864
490	1.474212297690552
491	1.4661025659706894
492	1.46171676366018
493	1.4576056557693151
494	1.4476016252879929
495	1.4467740383770675
496	1.4464211037683066
497	1.4492984254383692
498	1.4517791527939328
499	1.4562352697016523
500	1.4531185279631311
501	1.459113296372603
502	1.454618195624579
503	1.4542297217138007
504	1.4533642456545113
505	1.4585345623560033
506	1.4545698469212056
507	1.455982124492328
508	1.4556920484985578
509	1.4532957281619154
510	1.4566774066384427
511	1.4576879073557159
512	1.457583876555554
513	1.465215206043479
514	1.470136500788084
515	1.471018497716202
516	1.4676785763223041
517	1.4709586614964276
518	1.4631589722564606
519	1.4629952075159127
520	1.4624719541326674
521	1.4659536540249511
522	1.4699564198975683
523	1.4759798126581445
524	1.470076947053113
525	1.4732208477212274
526	1.4748752163195924
527	1.4746990042867976
528	1.4777533952133766
529	1.4770179234393104
530	1.4765053473709215
531	1.4761365902274377
532	1.4745782020985643
533	1.4789074655247798
534	1.4788128085326544
535	1.4802419140593073
536	1.4818536253010186
537	1.4792529346008811
538	1.4797059472300493
539	1.4857128451505848
540	1.491749815352305
541	1.484382143998463
542	1.4845351871950163
543	1.485747389896017
544	1.481938782799051
545	1.4837672793853998
546	1.4878514526442037
547	1.4931583403927455
548	1.4974828949965522
549	1.4992260748689494
550	1.507894524049544
551	1.5018672442120855
552	1.5152237162992743
553	1.522643305061416
554	1.5281686635240523
555	1.5282579525096918
556	1.5281227026411384
557	1.53172473209048
558	1.5365514069739916
559	1.540515039502093
560	1.5444575027989167
561	1.5485289793707793
562	1.5481704733837638
563	1.5437851416350528
564	1.543509426606376
565	1.548374764001847
566	1.552721176573674
567	1.552069504215395
568	1.5511136831684218
569	1.5503468183007116
570	1.5480419839662387
571	1.546410498783917
572	1.5525507130340068
573	1.553169074355633
574	1.5562833796142612
575	1.5592004200443068
576	1.5684199502824976
577	1.5691855853803844
578	1.5689393441264932
579	1.5666245294721517
580	1.5724354286828546
581	1.5709382721979632
582	1.5780205085172423
583	1.5748728217606347
584	1.5776196972219458
585	1.5744131095970948
586	1.573694445596897
587	1.5761525024352572
588	1.5733783943043107
589	1.5758041601313384
590	1.5819917289719982
591	1.5839573492572785
592	1.5855042528285008
593	1.5840759822618267
594	1.5859998024301505
595	1.594399584833873
596	1.596517998031612
597	1.597782510979878
598	1.596606084796952
599	1.5942284963492492
600	1.5951018097512193
601	1.5922674666356402
602	1.5958618646269578
603	1.595072925907124
604	1.5981706450437725
605	1.5954471897908
606	1.5994584595404782
607	1.5981375253931105
608	1.6034690315569267
609	1.6030194186579338
610	1.6042204042810089
611	1.6022731542778723
612	1.6073339563402411
613	1.5952880566442158
614	1.5938425514012589
615	1.5912721389362396
616	1.5956700411140474
617	1.5939816556955209
618	1.5961576420990113
619	1.5923017036034846
620	1.5955622182258142
621	1.5895474291152816
622	1.5832687305119308
623	1.5806101172116176
624	1.5848269233762007
625	1.5841315872735786
626	1.5838367917344764
627	1.5877777815184226
628	1.5875411425072434
629	1.588678199681541
630	1.5943231632712984
631	1.592778985225608
632	1.593240422411571
633	1.590690173813123
634	1.6015558649997745
635	1.597616179680434
636	1.5959954696397116
637	1.5950502615836695
638	1.5965435151549114
639	1.59845638813533
640	1.591712668808928
641	1.5927310475643186
642	1.5893136472360956
643	1.5904280690006094
644	1.5899883570177082
645	1.5907055821212732
646	1.5876777983642403
647	1.5846011280303978
648	1.587149294897865
649	1.600128324207165
650	1.5905317945287663
651	1.5929602202383415
652	1.5893769856900808
653	1.581856408090484
654	1.5827986795093085
655	1.5808680193355953
656	1.5845321059243664
657	1.5882444890230656
658	1.5870472705374434
659	1.5852231475468117
660	1.5864361133620832
661	1.5879536527521267
662	1.5863572044303298
663	1.5871955552457346
664	1.584632158992567
665	1.5878162609869397
666	1.5821402240113096
667	1.584437143520468
668	1.586319337846295
669	1.583662798766724
670	1.590350162348993
671	1.5935442889529916
672	1.592869751444416
673	1.5992258325946078
674	1.6008053317461446
675	1.5976970855538732
676	1.590896091229626
677	1.5926109003929125
678	1.592732438208847
679	1.5918433253199864
680	1.5869135702629622
681	1.58837032386439
682	1.583992561026387
683	1.58634316814745
684	1.5797116965312807
685	1.5877627150225184
686	1.5921224572875465
687	1.5933740986959177
688	1.5969146909912033
689	1.5939087499548823
690	1.5939147988812712
691	1.5934774049065832
692	1.591911139892416
693	1.5933092453390005
694	1.5951255500664443
695	1.590551146358082
696	1.5875767069670192
697	1.5884232466215593
698	1.586459273698619
699	1.5903542251240574
700	1.5968847994202535
701	1.5948923672345503
702	1.5981428186486328
703	1.6037083324426762
704	1.6023887830999646
705	1.6119965310628515
706	1.6156029028837435
707	1.6206721186528659
708	1.6232403747246535
709	1.6286738571182053
710	1.6226132968761453
711	1.6251313251183468
712	1.6219143695403444
713	1.6232607146740858
714	1.6335403687865016
715	1.6352510786356023
716	1.6323830887853028
717	1.6302555750468761
718	1.6255227065237614
719	1.6260882515043007
720	1.6250873251473892
721	1.6271534456887955
722	1.6275326042627631
723	1.62498753213441
724	1.6269975559541352
725	1.62894404745794
726	1.6299789101211237
727	1.6260279996887155
728	1.6315955784906953
729	1.636381091180828
730	1.6376429204477485
731	1.6323660548130143
732	1.630045628683218
733	1.6319266272761914
734	1.6241572501698038
735	1.6262752039756567
736	1.6237560083394338
737	1.6241786566552072
738	1.626494872338374
739	1.6298026530053302
740	1.63060386227345
741	1.641913948265981
742	1.6418180948996348
743	1.6407329409798022
744	1.642580463258747
745	1.6454424106679884
746	1.6440172309403036
747	1.6508102771608473
748	1.6526692686098412
749	1.64131025372583
750	1.6423657526442632
751	1.6405584823011548
752	1.638900141947272
753	1.636228166509819
754	1.6370731865709012
755	1.637314878030711
756	1.6410556554751987
757	1.6414522654818522
758	1.6417325148677986
759	1.6431505977010292
760	1.6494722109277684
761	1.6527233128514047
762	1.6598823830487588
763	1.663483242074639
764	1.6708087352248802
765	1.671858203389872
766	1.6718385381312009
767	1.6735658703489222
768	1.6715189435155964
769	1.674332298091607
770	1.6684860639828356
771	1.6697349774377794
772	1.6722172320395938
773	1.670571382805137
774	1.6639822097565782
775	1.6710317124171017
776	1.6716593905387869
777	1.6655252397158253
778	1.664493351644223
779	1.6708200999718854
780	1.6713756417084058
781	1.668170311875911
782	1.6710732292171293
783	1.6705856308181193
784	1.6744173496482704
785	1.6731814033411099
786	1.6735143505023662
787	1.673420557573416
788	1.6700609520705396
789	1.6727039159672634
790	1.676722693887303
791	1.6823185039817625
792	1.682178611874877
793	1.6838811181102677
794	1.6892297456093759
795	1.6946815571324048
796	1.6952291944871192
797	1.6971565970883495
798	1.6980260054168
799	1.6898058385615806
800	1.6842636525335937
801	1.6862975706132965
802	1.6881019531581878
803	1.6820186017135967
804	1.6868700491009676
805	1.6834125479494788
806	1.6822983075979772
807	1.675467237320877
808	1.6794955697592984
809	1.6756488165751915
810	1.680829496359724
811	1.6753107503160274
812	1.673043422154369
813	1.678445233305395
814	1.6686273659541098
815	1.6691230053956128
816	1.6739013682071995
817	1.674247074682996
818	1.67828935606626
819	1.6797420441211206
820	1.676833772468002
821	1.6808851744289897
822	1.680157762858194
823	1.6807131745325714
824	1.6773854677374969
825	1.676037562958513
826	1.6743862420162225
827	1.6769733629056145
828	1.677425034874205
829	1.6781579951049963
830	1.6761510481889348
831	1.67995543725722
832	1.6801013890504328
833	1.676071739929192
834	1.679301710791915
835	1.681394127771701
836	1.6871179105320282
837	1.6875073112799768
838	1.6898522107467286
839	1.6949739451877686
840	1.698081913388174
841	1.6956891935996692
842	1.6972281311926725
843	1.698418126400233
844	1.699542611530176
845	1.7080098519852356
846	1.70540931089829
847	1.703590130900753
848	1.6984553004589762
849	1.6946691830700817
850	1.700734416749795
851	1.6991562347428988
852	1.6991632287390426
853	1.7052736689915002
854	1.708360616607084
855	1.7133583641783476
856	1.704134386345609
857	1.7062187599818575
858	1.711911508790623
859	1.7185972548668313
860	1.710711029619961
861	1.710574938446554
862	1.7089906576259248
863	1.707754124235426
864	1.703064145364352
865	1.7029300493607697
866	1.7064760075340186
867	1.70990809105773
868	1.7050491991242416
869	1.7093865812604088
870	1.711063113004139
871	1.7124983448825817
872	1.7081814739566494
873	1.7065429428580867
874	1.7032653107803146
875	1.6999664425809469
876	1.6912072187333906
877	1.6929972399726334
878	1.6952969425252138
879	1.6924155226445108
880	1.6927088740605676
881	1.6993761907226974
882	1.6989147180477964
883	1.6923094793884212
884	1.695825734406621
885	1.694597105598861
886	1.689960491217879
887	1.6879628639063726
888	1.6861801282091555
889	1.6835125805672118
890	1.6778413010533975
891	1.6804217718259953
892	1.6841282271109843
893	1.6829577452862352
894	1.6838126093272623
895	1.6782063855263725
896	1.6803004798274108
897	1.683990689491033
898	1.689547257429468
899	1.695744652412723
900	1.698701287857634
901	1.7007077391347685
902	1.7034432778221913
903	1.700114350801995
904	1.6992493200036154
905	1.7011251240547576
906	1.7003555959299967
907	1.710117936960803
908	1.712392702584528
909	1.7135951591838046
910	1.715011327812339
911	1.7164353660941136
912	1.71884372849113
913	1.7150724662967787
914	1.7168953241110836
915	1.7158932390697863
916	1.7157322863340398
917	1.719184596971082
918	1.719513963242443
919	1.7173466085713855
920	1.725383655339943
921	1.7291203182788606
922	1.7279317518425055
923	1.7311732707265726
924	1.731366646734209
925	1.7376839812757259
926	1.7435321466785147
927	1.7490745051431957
928	1.7493006793083936
929	1.7489165290164668
930	1.7517220387038666
931	1.7520678399098748
932	1.7513683069808863
933	1.7513507797791705
934	1.7523312799274406
935	1.75269069229434
936	1.7459434057168617
937	1.75134268765713
938	1.7574065633587537
939	1.754167695562111
940	1.7547512172674105
941	1.7502375079005756
942	1.7539043814924793
943	1.753784004277335
944	1.7551230584577173
945	1.7478772074206397
946	1.7527397915161402
947	1.7517649446454737
948	1.751268721095262
949	1.7442557721093823
950	1.742018424744584
951	1.740072800262897
952	1.7440514746555587
953	1.7436916857674154
954	1.741083908198726
955	1.7451345575779023
956	1.740038434663829
957	1.740420626748663
958	1.7410123924306562
959	1.7407836183491712
960	1.7414431747942405
961	1.7397802156061009
962	1.733884676773561
963	1.733658410572907
964	1.73870916078596
965	1.7351811212631758
966	1.7311036777869875
967	1.726839691593526
968	1.72417909690316
969	1.728764799200534
970	1.7292916315070146
971	1.7256411117856916
972	1.7261419717257394
973	1.7304726674812032
974	1.7309244557980608
975	1.7332142641645811
976	1.7403379609161542
977	1.743796347332941
978	1.7402387677322488
979	1.7404210224478607
980	1.7476222464168383
981	1.7417814970330072
982	1.7415861347926664
983	1.7384242344978407
984	1.7383086276898456
985	1.741588076648431
986	1.7403530298882284
987	1.7409316001753155
988	1.74628070966487
989	1.7455521116015504
990	1.7461137853080906
991	1.7471321537701348
992	1.7493881209340991
993	1.7521929809379557
994	1.7519081865303525
995	1.7557249626741205
996	1.757948351083192
997	1.7579175286952908
998	1.759438568514342
999	1.7585382209079552
1000	1.7636527732646363
1001	1.765744342946927
1002	1.768274178452316
1003	1.7697186280532666
1004	1.7693253861967302
1005	1.7646745789788545
1006	1.7623690035348256
1007	1.7574412519689608
1008	1.7537271074744756
1009	1.7512833527187117
1010	1.7518667879594896
1011	1.7580987416269827
1012	1.7567087660730745
1013	1.7514598700402633
1014	1.751905350628781
1015	1.7543973539538513
1016	1.7520434669931315
1017	1.7588999716269942
1018	1.7544410258241425
1019	1.7613279417212573
1020	1.7568918565606217
1021	1.7554911702284501
1022	1.7564572202472466
1023	1.755804348107326
1024	1.7568702267833345
1025	1.755111164502987
1026	1.7557065305058264
1027	1.7571882129001037
1028	1.755125735909936
1029	1.753929169095673
1030	1.7441895534546785
1031	1.7380610718024487
1032	1.7375014039000294
1033	1.7423875205611568
1034	1.749124329050413
1035	1.7474998214255628
1036	1.7510097835371128
1037	1.7469478984124778
1038	1.7475231366032438
1039	1.756936658893895
1040	1.7591809060729906
1041	1.7653996156426168
1042	1.7641096848288393
1043	1.7618653578035313
1044	1.761494240651768
1045	1.7638693175299902
1046	1.7652866510668495
1047	1.7739147396217434
1048	1.7797659576356886
1049	1.7835631982861164
1050	1.7808232644565372
1051	1.7815135206485417
1052	1.7753466440269876
1053	1.7771979556531174
1054	1.7790143260069755
1055	1.7750757439925924
1056	1.7750781549759924
1057	1.7753268280486816
1058	1.7758922901026417
1059	1.773575803399099
1060	1.7746240357957332
1061	1.7783799292041411
1062	1.774701685839429
1063	1.7743601403743088
1064	1.7760990105423555
1065	1.7794180868548597
1066	1.7767668137437485
1067	1.7843272483166728
1068	1.7829592812166004
1069	1.7778507410651752
1070	1.7783220102799722
1071	1.7770716015815056
1072	1.7779024967838957
1073	1.7741352209355148
1074	1.7740007905352932
1075	1.7726077956287842
1076	1.7738331622434298
1077	1.7698769681208733
1078	1.774998197958665
1079	1.77413270084607
1080	1.7650500702300667
1081	1.7684285408160159
1082	1.7690154305981374
1083	1.771108059820843
1084	1.7679255005731238
1085	1.7620873658631906
1086	1.7617169081867428
1087	1.7586448208822647
1088	1.7591671878136235
1089	1.7595328058698918
1090	1.749852862167352
1091	1.7447562505730005
1092	1.745681653662422
1093	1.7412470507062994
1094	1.7432308348800898
1095	1.7463997011050438
1096	1.757621621844971
1097	1.7565723364772161
1098	1.7547088748548432
1099	1.7622758896976363
1100	1.7596898282063649
1101	1.7596899935341797
1102	1.7609742238134036
1103	1.7617844910376832
1104	1.7632517103541105
1105	1.7636233745819037
1106	1.7630481653198167
1107	1.7695055512241855
1108	1.7758038897676633
1109	1.7748418330304072
1110	1.7758030321965252
1111	1.773824886123893
1112	1.7774015428426766
1113	1.777927146666921
1114	1.779279882663308
1115	1.778167526182448
1116	1.7757850738033611
1117	1.7733418124987599
1118	1.775460857494256
1119	1.775225588107104
1120	1.774897432499889
1121	1.777637737561087
1122	1.7765398581495744
1123	1.7746278763785885
1124	1.7710899012314782
1125	1.773685965539857
1126	1.778612447443891
1127	1.777585759850388
1128	1.7852532498900582
1129	1.7864897680459155
1130	1.7889375899550544
1131	1.7880862484389732
1132	1.7876033647691125
1133	1.788590249196234
1134	1.7875863391087483
1135	1.7866063403341492
1136	1.7827096756079255
1137	1.7871261414326114
1138	1.7858087449827762
1139	1.7847343628446928
1140	1.7836405434311744
1141	1.7818541199477096
1142	1.7843807711599695
1143	1.783414031925983
1144	1.783853590058606
1145	1.7822065586219678
1146	1.780454020405997
1147	1.7727578725436444
1148	1.7736287081163113
1149	1.7742790167918066
1150	1.7752657838589623
1151	1.7696491168819135
1152	1.7684796427697893
1153	1.7716449675400712
1154	1.775889073821786
1155	1.7788204631709588
1156	1.7783413773567238
1157	1.7814785473943109
1158	1.7784847702024662
1159	1.7822472451671554
1160	1.7802326508732638
1161	1.7814443074269497
1162	1.780770804922518
1163	1.7862074522881828
1164	1.7901330425894286
1165	1.7875073293871382
1166	1.7941149309429483
1167	1.787495832090852
1168	1.7852532052543115
1169	1.7984331673324974
1170	1.796141488540108
1171	1.800864268767715
1172	1.8034012094531504
1173	1.8026543192027409
1174	1.8011993060472278
1175	1.8005526979562454
1176	1.8003984479127666
1177	1.7994913879816012
1178	1.7965131191174968
1179	1.7976808715352985
1180	1.7981179987644047
1181	1.7984227410037592
1182	1.8056227345107796
1183	1.8129683831324712
1184	1.8076871055460368
1185	1.8091103535844546
1186	1.8084484229931805
1187	1.8143801317977284
1188	1.814866234529103
1189	1.8153877114862311
1190	1.8208355582294502
1191	1.8239237774789694
1192	1.821992491870201
1193	1.8256608163834227
1194	1.8340819847271659
1195	1.8354664083968057
1196	1.8365683357498486
1197	1.8377897979107118
1198	1.8361725576865198
1199	1.8284245039185367
1200	1.828727430590093
1201	1.8207283805026442
1202	1.819505642160494
1203	1.8140507424695391
1204	1.8157302946487883
1205	1.8176007467280322
1206	1.8205102330593121
1207	1.82184982575717
1208	1.8138928864340176
1209	1.8182030246539627
1210	1.8178164723445454
1211	1.8163803843860495
1212	1.8179585435604262
1213	1.8205814669657825
1214	1.819733176633978
1215	1.8241897772478197
1216	1.8254214196418626
1217	1.8255999924878468
1218	1.8252149983098216
1219	1.8173480595801608
1220	1.8162990560628935
1221	1.815089074267896
1222	1.8174228884537549
1223	1.8196213709098383
1224	1.824818555674391
1225	1.824928588701297
1226	1.8217892573061176
1227	1.8250331058148044
1228	1.8176206564985873
1229	1.8196336146114818
1230	1.820895583044615
1231	1.825577185584746
1232	1.829262880603379
1233	1.8301535879114408
1234	1.8274338431843005
1235	1.8372118462311104
1236	1.8402655438939497
1237	1.838277236479702
1238	1.83462486108321
1239	1.8336878571940747
1240	1.837012978690287
1241	1.839382423821271
1242	1.8407939124002495
1243	1.8376150523478008
1244	1.8398495597565572
1245	1.8374969823834635
1246	1.8400332678839992
1247	1.8434312898751102
1248	1.8401567477621608
1249	1.8337192884971443
1250	1.8423192146539311
1251	1.8442923635211248
1252	1.8538207918352307
1253	1.8509905677126146
1254	1.8501496334242822
1255	1.8474589126548688
1256	1.8493059891432397
1257	1.8494402528145037
1258	1.8506383332327947
1259	1.8525800168368975
1260	1.854466702918449
1261	1.8478223610387412
1262	1.8523435254800396
1263	1.8468685859900895
1264	1.8430251749971842
1265	1.8423836861555547
1266	1.8415839086981671
1267	1.8441482553416129
1268	1.84286432805134
1269	1.829403922371109
1270	1.8367982508411538
1271	1.8363579137129915
1272	1.8371009670881153
1273	1.838328317889828
1274	1.8447988333248795
1275	1.8482787853831022
1276	1.8448103503000048
1277	1.8477382698152305
1278	1.8462011465742283
1279	1.8467437704329366
1280	1.8454688634505383
1281	1.8464697200153906
1282	1.8526092579597122
1283	1.8531764573104619
1284	1.857740300398299
1285	1.8593781064536292
1286	1.8638872291832045
1287	1.8578422631645581
1288	1.866352975811586
1289	1.8681022550017816
1290	1.8676481030731376
1291	1.8636020000105924
1292	1.8639371865139194
1293	1.8600747029827511
1294	1.8501657356564178
1295	1.8471654134828577
1296	1.8447427321189855
1297	1.841010334480477
1298	1.8403770746854289
1299	1.8382045319146878
1300	1.8378430180323257
1301	1.8387163987380508
1302	1.845135825839938
1303	1.8464296634249522
1304	1.8447354407334895
1305	1.840588666155732
1306	1.8389657435986106
1307	1.8360249101906618
1308	1.8354510542603533
1309	1.8304571737612712
1310	1.826341710869197
1311	1.8244095523927568
1312	1.8186427095446607
1313	1.8175411156100583
1314	1.8167612445026806
1315	1.8119889625809849
1316	1.811294183457232
1317	1.812969110010207
1318	1.8175639117400264
1319	1.825730760880642
1320	1.8305179729568863
1321	1.8316666636861605
1322	1.8338340148234293
1323	1.8410750890660785
1324	1.8458698012319537
1325	1.8483230168094507
1326	1.8486555554215023
1327	1.8437222355859568
1328	1.8417104828637432
1329	1.8394955135963722
1330	1.8440427571307587
1331	1.8491622009166648
1332	1.8469767878821872
1333	1.8435455652946262
1334	1.8439038691005232
1335	1.8302200551450936
1336	1.8342834212642762
1337	1.8392653440220192
1338	1.8366097425587187
1339	1.8395915777160545
1340	1.8336036394359978
1341	1.8320873889883509
1342	1.8328798107966633
1343	1.8339201637163929
1344	1.8371221435269038
1345	1.8403925605718854
1346	1.8395354139398827
1347	1.84180811102832
1348	1.84544385166609
1349	1.851758287550298
1350	1.8457254643581649
1351	1.8445393822081806
1352	1.8409942600797569
1353	1.8386658514728973
1354	1.8285661949667866
1355	1.8368958498554133
1356	1.839101729211534
1357	1.8325315533562494
1358	1.8341320351163297
1359	1.8312185336675693
1360	1.8351346636842498
1361	1.83542874239901
1362	1.8355307971868948
1363	1.838846362757004
1364	1.8350130382703982
1365	1.8353037449950862
1366	1.8403595226542608
1367	1.8409137489022454
1368	1.84331143047044
1369	1.8460155851688014
1370	1.8515116164832341
1371	1.850127975660084
1372	1.8458625114911105
1373	1.8481887852973682
1374	1.8456876238894409
1375	1.8451701252663986
1376	1.8528897295151976
1377	1.8558895224254262
1378	1.8550503447323041
1379	1.8519760625723691
1380	1.8564975815346447
1381	1.8573265866346942
1382	1.84521429853301
1383	1.841368097167697
1384	1.8402432673453177
1385	1.8394415378239708
1386	1.8344054303223702
1387	1.8316057518727895
1388	1.8266718212862127
1389	1.824522186039819
1390	1.8275536717707794
1391	1.8322320129225689
1392	1.8347817844211274
1393	1.8358134616754236
1394	1.834620481822297
1395	1.8360307521041326
1396	1.8344516769121468
1397	1.8362930323564595
1398	1.8378091437015873
1399	1.8367723084862548
1400	1.8394611056893297
1401	1.8419709610949995
1402	1.837091948831956
1403	1.8350482892093496
1404	1.8396618665502125
1405	1.8422197085705752
1406	1.8405666732245436
1407	1.8400094535213294
1408	1.8376757632926717
1409	1.8392580318519403
1410	1.8401819893947802
1411	1.8454617658660615
1412	1.8432355942699468
1413	1.844646128789433
1414	1.8408224243934332
1415	1.8410492880530753
1416	1.840205845510301
1417	1.8356420445205435
1418	1.83623467762067
1419	1.8309792666836089
1420	1.8361210189612491
1421	1.835199026172397
1422	1.830507879319225
1423	1.8255526530671038
1424	1.823078997320295
1425	1.8307105887827542
1426	1.8249438863237182
1427	1.8308865315349834
1428	1.837999336419402
1429	1.8404830846653348
1430	1.8399415608748033
1431	1.8353343463749476
1432	1.8340561907671724
1433	1.8367638294382764
1434	1.8321701711718852
1435	1.8345269974589589
1436	1.8379719950444218
1437	1.8364892700522286
1438	1.840544927311803
1439	1.8464198793609836
1440	1.84734000134512
1441	1.8468467620236906
1442	1.8466513715897797
1443	1.853204545433009
1444	1.8500456398104608
1445	1.8472429340868615
1446	1.8435804779406486
1447	1.8435763051540732
1448	1.8401055885668716
1449	1.834451036321911
1450	1.8340834607569532
1451	1.8344707453435296
1452	1.8346023025237563
1453	1.8317602411252365
1454	1.8309606550627628
1455	1.8245815173745554
1456	1.8168685508416043
1457	1.822247488508603
1458	1.8225021283189722
1459	1.8256069297701478
1460	1.8179939477196743
1461	1.8256230548841483
1462	1.8216825326963006
1463	1.819697594603505
1464	1.8220304506693235
1465	1.823981089994458
1466	1.8187415333589443
1467	1.8230772805491482
1468	1.8209003270455428
1469	1.822371333058509
1470	1.8211201161810415
1471	1.8219243877119993
1472	1.8287643588836544
1473	1.828729505106815
1474	1.829974982340313
1475	1.836597615169262
1476	1.83189918717869
1477	1.828688099024451
1478	1.8341052346981186
1479	1.8386582451415614
1480	1.835682302386093
1481	1.8354228901660823
1482	1.8320404942579922
1483	1.8296042789438334
1484	1.8366809736081193
1485	1.8323623652916237
1486	1.8332777967516354
1487	1.836088417139347
1488	1.8300047858601929
1489	1.8319743818466308
1490	1.8281881334041643
1491	1.8314177429156315
1492	1.8301297915459154
1493	1.8332020964479057
1494	1.8305801686450776
1495	1.8344218654841369
1496	1.8332427773958022
1497	1.8340396803099812
1498	1.8303707517100125
1499	1.8358356814518046
1500	1.836207569330127
1501	1.8376070758700527
1502	1.843567823126801
1503	1.8486890485568426
1504	1.8469542219632478
1505	1.85163876444865
1506	1.8468640044662257
1507	1.848004238177785
1508	1.8539355210491235
1509	1.8589799829305005
1510	1.860930503378273
1511	1.8583900811103728
1512	1.8698048677227364
1513	1.8720929018472843
1514	1.872975249130092
1515	1.8751536402922988
1516	1.8733385027487297
1517	1.8756405929492568
1518	1.8756656314030489
1519	1.8795682696841047
1520	1.8754688458674935
1521	1.8771527842363902
1522	1.8785130161916228
1523	1.88662866890253
1524	1.8916696904242323
1525	1.881434756680869
1526	1.8841526270300366
1527	1.8879614504485487
1528	1.8876861205688589
1529	1.8873014189474142
1530	1.8923517373957217
1531	1.8971066115135555
1532	1.900153420226729
1533	1.8981226598363405
1534	1.9047393946431899
1535	1.9081032114642305
1536	1.9046913305829585
1537	1.9038903131153142
1538	1.8925150625704492
1539	1.8867509492256984
1540	1.8864902168927888
1541	1.8929967767839182
1542	1.896143715045927
1543	1.8939254278577833
1544	1.893554363315234
1545	1.8892230974367383
1546	1.8863799157483843
1547	1.8830733759061973
1548	1.8866409561547177
1549	1.89064581755512
1550	1.890914163183785
1551	1.8930513742952384
1552	1.8947217133391336
1553	1.8998193324636203
1554	1.91157990139376
1555	1.9186634784915866
1556	1.9241970468924483
1557	1.9213781411962765
1558	1.921244925925084
1559	1.922969324528933
1560	1.930044626756448
1561	1.9297496797184202
1562	1.9295177796561402
1563	1.9336097422482201
1564	1.933691773069031
1565	1.9315942176854424
1566	1.9328057708802047
1567	1.9274083224903
1568	1.9244614121235057
1569	1.9324469519788823
1570	1.9342991149231072
1571	1.9338993642341338
1572	1.9270594855006782
1573	1.9287183727186028
1574	1.9260420648132854
1575	1.9217263912288056
1576	1.9264798008894712
1577	1.927957449756834
1578	1.9251562145980858
1579	1.9239964058030463
1580	1.9257341489183513
1581	1.9312915876485939
1582	1.9338492397571232
1583	1.9334910458054968
1584	1.9390969967376006
1585	1.9437847503275958
1586	1.9471098653554193
1587	1.9481398941516828
1588	1.9544336851827064
1589	1.9508534191029638
1590	1.9583396331689633
1591	1.957194308326301
1592	1.962885335011698
1593	1.9606184525224557
1594	1.9585570679638002
1595	1.9583962220528321
1596	1.955107603778904
1597	1.955107349249261
1598	1.9612184572566698
1599	1.955490228234156
1600	1.960025535740006
1601	1.9563189934273422
1602	1.9550369920430686
1603	1.9489996740464366
1604	1.948992407914641
1605	1.9527616509928158
1606	1.9561671715083788
1607	1.9553581517258756
1608	1.9539930517907929
1609	1.9534162037355793
1610	1.9479035502821394
1611	1.9525098748419225
1612	1.9436417942920692
1613	1.9453312335646438
1614	1.9496180896036412
1615	1.9429943431503984
1616	1.9440340878718259
1617	1.9428572007013325
1618	1.9400967371308893
1619	1.932698877427257
1620	1.9287188211476378
1621	1.9283038567972064
1622	1.9289233656118472
1623	1.9242340251535495
1624	1.9113309445093616
1625	1.912207713165983
1626	1.908720619001055
1627	1.908491682242737
1628	1.9062361242973258
1629	1.9030097379793562
1630	1.8914900948934348
1631	1.8870512991826127
1632	1.884910767967745
1633	1.88772141780111
1634	1.88456991005868
1635	1.8805249197104006
1636	1.884119378861445
1637	1.8788593119639176
1638	1.88354296881138
1639	1.8803016658371665
1640	1.8806713337327132
1641	1.878406331671768
1642	1.8768128907665769
1643	1.8803920009311692
1644	1.8825068309059165
1645	1.8911505736348277
1646	1.8955954745355292
1647	1.8950560930312603
1648	1.8943184057831437
1649	1.8880687293831
1650	1.88913104248989
1651	1.8915578887056994
1652	1.8963668975715262
1653	1.8955313515568084
1654	1.8944379522655994
1655	1.8968137269908205
1656	1.8939339973460927
1657	1.8954907413364015
1658	1.8962750838087457
1659	1.89658042704761
1660	1.8979992496919715
1661	1.8989026855933442
1662	1.9004165530128612
1663	1.8944591954346033
1664	1.8955618028215886
1665	1.8993928592550617
1666	1.8978727331908256
1667	1.9036122677879703
1668	1.904002688094843
1669	1.9042187537698896
1670	1.9027582007526689
1671	1.9075715584617134
1672	1.9075271345004607
1673	1.9120146351649794
1674	1.9113075875394587
1675	1.9117230589601115
1676	1.911666585273791
1677	1.9112612983238253
1678	1.9049562387503192
1679	1.9016983822577438
1680	1.9020307985626275
1681	1.8966049205234097
1682	1.8954437605540435
1683	1.8992771783725217
1684	1.8939187051541133
1685	1.8935070040924156
1686	1.893202565880226
1687	1.8938369584280388
1688	1.8948205376652107
1689	1.897870570185088
1690	1.890270148352049
1691	1.8943277236628442
1692	1.8881923556008016
1693	1.8860927871101894
1694	1.8867579776801726
1695	1.8849170447413923
1696	1.8887745126924276
1697	1.8832324007986914
1698	1.8772191648956673
1699	1.8826415831578627
1700	1.8769962309951274
1701	1.8781970999026982
1702	1.8759116150293254
1703	1.8732023855499649
1704	1.8717313074159838
1705	1.8639735835412108
1706	1.8609993287437077
1707	1.8633882373794914
1708	1.8752869687587714
1709	1.8706825270030483
1710	1.8679180958865835
1711	1.8668848740159218
1712	1.8652101278066613
1713	1.8647877263051647
1714	1.8688083265973547
1715	1.8728657517638658
1716	1.8705109995566158
1717	1.8673274087040495
1718	1.867559074857802
1719	1.8639135517267766
1720	1.866805576504192
1721	1.873258071714599
1722	1.8759104165005585
1723	1.8732087206522512
1724	1.8748988017029011
1725	1.8728619213711326
1726	1.8762902024781267
1727	1.8749512406632598
1728	1.8747410472256456
1729	1.876848854897875
1730	1.8786393947843711
1731	1.8779407215325352
1732	1.8799461090160683
1733	1.8817841021629758
1734	1.8849039397312075
1735	1.8874485905063823
1736	1.8852523730063195
1737	1.8863093131549529
1738	1.8890651129287028
1739	1.8856492096260975
1740	1.880314959560344
1741	1.8781710725590541
1742	1.8786318080255149
1743	1.8754709039288568
1744	1.8771531590163344
1745	1.8728502491703225
1746	1.8738944214668518
1747	1.872331798424805
1748	1.8731062278379367
1749	1.877957292389437
1750	1.872325797822945
1751	1.8723715535377592
1752	1.874693957430482
1753	1.871766115777824
1754	1.8732245274775303
1755	1.8694797821886797
1756	1.8757476630993808
1757	1.8760616120963753
1758	1.8735861019730777
1759	1.8710288292975117
1760	1.8698251787826903
1761	1.8673765227272212
1762	1.8680194390698912
1763	1.8693630540442687
1764	1.8678040426679756
1765	1.865655037192915
1766	1.863084548783682
1767	1.8618704943730406
1768	1.862064002766067
1769	1.859832681140337
1770	1.856529297131508
1771	1.8614012266147837
1772	1.8609195868402282
1773	1.8537065496552307
1774	1.853303396222643
1775	1.8471411354620604
1776	1.8461116201149708
1777	1.8484060329903274
1778	1.8513655910072684
1779	1.8513709916286136
1780	1.8526177990992623
1781	1.857092042851986
1782	1.8570857610688232
1783	1.8559338137933084
1784	1.8509974518930996
1785	1.846386081670534
1786	1.8448168755663639
1787	1.8476480314962354
1788	1.845025648105264
1789	1.8615520553347111
1790	1.8631224831248667
1791	1.8538418975785294
1792	1.8570108352937356
1793	1.8560435744055437
1794	1.8651091126720056
1795	1.865214247771231
1796	1.8646427113283257
1797	1.8664421392457597
1798	1.863982794031421
1799	1.8568971121300863
1800	1.8574438607367254
1801	1.862734137054505
1802	1.8613625912183245
1803	1.8572412616712235
1804	1.8582323829594578
1805	1.861556008457095
1806	1.8648579021620622
1807	1.8595691939150292
1808	1.8537027111285675
1809	1.8591929727079515
1810	1.857994220582291
1811	1.8583177052721946
1812	1.8611697871518518
1813	1.8583097362499867
1814	1.8543942773076014
1815	1.8569704170067973
1816	1.8576807677707767
1817	1.860846241447118
1818	1.8618168431633964
1819	1.8628499752690817
1820	1.864937302565481
1821	1.8598116846870625
1822	1.8599012112043296
1823	1.8637727208700783
1824	1.8620297058540771
1825	1.8642794984345956
1826	1.868907102796037
1827	1.8630551232934893
1828	1.8690799050360611
1829	1.8720165961722934
1830	1.8716971625572856
1831	1.8738865625227985
1832	1.8745594009408688
1833	1.8761746188790196
1834	1.875170548617708
1835	1.8766240751554129
1836	1.8796314064021877
1837	1.878306886964779
1838	1.881157046425494
1839	1.8838018388597566
1840	1.892803506685666
1841	1.8931095304436518
1842	1.8957559995920998
1843	1.8976563423056638
1844	1.8912105310371898
1845	1.8979238017552462
1846	1.8936707651699038
1847	1.8926582869540551
1848	1.8901364773265394
1849	1.8807770773049366
1850	1.8879761233424928
1851	1.8868355798683283
1852	1.889744828631515
1853	1.8967691170059977
1854	1.8919387545489146
1855	1.8917442482484588
1856	1.8889677974099484
1857	1.8903200547503498
1858	1.8962892648712264
1859	1.8936743013682915
1860	1.8970086797989631
1861	1.8984648924949714
1862	1.896110998485775
1863	1.8965665715898299
1864	1.8943786770895241
1865	1.8977135271703773
1866	1.9077472549449337
1867	1.9039179570294686
1868	1.9082658141368023
1869	1.9077601538179894
1870	1.9067304744286264
1871	1.9019809749961671
1872	1.8991126096806
1873	1.896863749988256
1874	1.899405553659316
1875	1.903411403537859
1876	1.9000021228984212
1877	1.895209724944526
1878	1.8915253500256952
1879	1.8873350465409093
1880	1.882926930926939
1881	1.8783468718625735
1882	1.879308175795131
1883	1.8816630714235527
1884	1.8846089242088384
1885	1.8840119169411325
1886	1.88488374824147
1887	1.880162636763316
1888	1.8774300286690992
1889	1.868991445349977
1890	1.8695247491859148
1891	1.872532942632432
1892	1.8717241908440856
1893	1.8758712250588092
1894	1.869478496926128
1895	1.8715894949722065
1896	1.8701547972106938
1897	1.8727149394985974
1898	1.8832059619366188
1899	1.8842629962216826
1900	1.8799082497071207
1901	1.8767028191021775
1902	1.8802057425346885
1903	1.883424381005826
1904	1.8795402357661983
1905	1.8766803492231419
1906	1.8738757328561852
1907	1.878700982102301
1908	1.8783816160040254
1909	1.8825745668588876
1910	1.89055627501948
1911	1.8869503315161595
1912	1.88778600133445
1913	1.8883667686563552
1914	1.887887896130816
1915	1.88446605263912
1916	1.8831386925338858
1917	1.8776665111230537
1918	1.878641890080618
1919	1.8762688202784525
1920	1.8715289527486574
1921	1.8725400897533788
1922	1.8761849848339247
1923	1.8820330222517065
1924	1.8849005501877605
1925	1.8838715364739838
1926	1.8718867258257073
1927	1.8737739496862844
1928	1.8701627439832573
1929	1.8727430826833114
1930	1.8733890314771162
1931	1.8691709195406097
1932	1.8668246004586977
1933	1.870003665418489
1934	1.8668584079638015
1935	1.8680355359890606
1936	1.8660791403559733
1937	1.8655306485640282
1938	1.8602719975165924
1939	1.8616321324162908
1940	1.859558661040063
1941	1.8598644297174791
1942	1.8512587010490733
1943	1.851903528153952
1944	1.8588636433214338
1945	1.8574934597389157
1946	1.8605005981018876
1947	1.8598563334915852
1948	1.8630930619199824
1949	1.8721720886675137
1950	1.8675878700431665
1951	1.8679584121122599
1952	1.8550151265328256
1953	1.84673973334425
1954	1.8436174828966747
1955	1.8463517212203169
1956	1.8476969013487936
1957	1.844392867335849
1958	1.8392530562208937
1959	1.8439958302910537
1960	1.8414134396142603
1961	1.8422722113564298
1962	1.8479145211871075
1963	1.8537863329762536
1964	1.8593437383812346
1965	1.8571639112301375
1966	1.8492677451057207
1967	1.8489737269461055
1968	1.844163180370757
1969	1.8449294624502455
1970	1.842249604332823
1971	1.8450438105427112
1972	1.8449791237634052
1973	1.8477131247354721
1974	1.856030959441211
1975	1.8539311002333583
1976	1.8551240432306904
1977	1.8501322775994546
1978	1.8510032269507612
1979	1.85544830611627
1980	1.8589755045609766
1981	1.8628497411176321
1982	1.8616032764080708
1983	1.8577443314154112
1984	1.8552493389681075
1985	1.857472362180102
1986	1.8589178206314045
1987	1.860167640033073
1988	1.8659575049649326
1989	1.8668142212690304
1990	1.863992978744172
1991	1.8674199447510182
1992	1.8764406523039296
1993	1.8721119363120946
1994	1.880025074241968
1995	1.8794263649136902
1996	1.881979572658234
1997	1.8809079895508352
1998	1.8738424124501676
1999	1.8736036826330271
2000	1.8732378848236761
2001	1.874711594213843
2002	1.8747114174690158
2003	1.8747609053198517
2004	1.8789480104155378
2005	1.8833603079881085
2006	1.8888220141098366
2007	1.8906261484673113
2008	1.8925240114290038
2009	1.8944373668821206
2010	1.8863594023018058
2011	1.886137660321306
2012	1.8869418171159114
2013	1.8941051474828248
2014	1.9019280283347468
2015	1.9003361157137644
2016	1.9036974978668266
2017	1.9048903515026605
2018	1.9008752907000264
2019	1.9093843130859993
2020	1.9116171774921054
2021	1.9123516292145457
2022	1.9048441115296781
2023	1.8943316268244386
2024	1.8962481903217527
2025	1.9002958760813484
2026	1.9006131570466782
2027	1.9017255333319794
2028	1.8999754176285513
2029	1.8930792658713353
2030	1.8922433248307617
2031	1.8951811326456063
2032	1.8948019823459024
2033	1.8895104001826764
2034	1.8934943669380522
2035	1.891533949674696
2036	1.8915534597982402
2037	1.8935073989234796
2038	1.8958791133695498
2039	1.8961049197941473
2040	1.8969164679143578
2041	1.8958880029742284
2042	1.9014876650783765
2043	1.9062736853382782
2044	1.895351464475371
2045	1.8930547191864775
2046	1.8890419542852053
2047	1.8888595882382673
2048	1.8904761462778874
2049	1.8858072132151966
2050	1.8859539515736226
2051	1.8844484566286241
2052	1.8841635310558145
2053	1.887906310543947
2054	1.8891466012066092
2055	1.889464844982022
2056	1.8919044612753615
2057	1.8935005385118486
2058	1.8961947931501346
2059	1.8955222940871772
2060	1.8965507114313236
2061	1.9006610698155746
2062	1.8951212385816059
2063	1.8932485285445289
2064	1.89066387376895
2065	1.8905321989334176
2066	1.8853557023910237
2067	1.8829667784498396
2068	1.8846488465379636
2069	1.8836288242975565
2070	1.8871171447833457
2071	1.879514411911016
2072	1.882534563975261
2073	1.884493660581038
2074	1.8763548626487307
2075	1.8815140262454277
2076	1.8804429263221438
2077	1.8869470996738202
2078	1.8883276651603544
2079	1.8871671177402065
2080	1.8917849608597608
2081	1.8883828948802732
2082	1.886574338442114
2083	1.887743141559375
2084	1.8879669259682044
2085	1.8846741297961458
2086	1.8825671871757759
2087	1.8865630256403845
2088	1.8805223924283445
2089	1.880295753034384
2090	1.880424608987366
2091	1.8784414780142105
2092	1.8723142418892311
2093	1.8688508692532266
2094	1.8672744184101806
2095	1.8680842566278246
2096	1.8669632218502998
2097	1.8609575767144013
2098	1.86720929911585
2099	1.8690165446694138
2100	1.8803512515099357
2101	1.8782582237082843
2102	1.8792924774467776
2103	1.8842390206027204
2104	1.8808090429000057
2105	1.8791164589326412
2106	1.8773723431050606
2107	1.872100978690647
2108	1.8684910730298632
2109	1.8622749202921938
2110	1.863144923693086
2111	1.8631858540727377
2112	1.8639230516513052
2113	1.8565261683470904
2114	1.8493842535617078
2115	1.8474787539688218
2116	1.8475608155780876
2117	1.8457455534221583
2118	1.8467889389672556
2119	1.8422891150077687
2120	1.8427363647416957
2121	1.8408400701405203
2122	1.841257160898168
2123	1.847829255767777
2124	1.8432003905783116
2125	1.8444273822194475
2126	1.848723960558157
2127	1.855444622178148
2128	1.8590989689219675
2129	1.859493877809526
2130	1.8603144960665594
2131	1.8744070059379279
2132	1.8725954592714382
2133	1.8770230420052334
2134	1.8791400762330759
2135	1.882140991398804
2136	1.8853567542833418
2137	1.8810313115510133
2138	1.8815367606135782
2139	1.8890995283480831
2140	1.8901419442650425
2141	1.8931651942662797
2142	1.8943811977727465
2143	1.8872908976859455
2144	1.891520315882351
2145	1.8897299912293504
2146	1.892604199196134
2147	1.892593427807869
2148	1.890809973742089
2149	1.8997329705342516
2150	1.902648651965608
2151	1.899487411990424
2152	1.9104246221782297
2153	1.908188064569912
2154	1.9098660910952512
2155	1.914371886090991
2156	1.9093771935649884
2157	1.9101454079430178
2158	1.9084744501406985
2159	1.9134385334246744
2160	1.9126410059462933
2161	1.912605187704114
2162	1.9165911589291904
2163	1.9149840620551466
2164	1.9126926283269627
2165	1.9139078418243816
2166	1.91501940466845
2167	1.9169871253893314
2168	1.9143201434127344
2169	1.9110625559185974
2170	1.916986122876143
2171	1.9191301131665421
2172	1.9216701762574302
2173	1.922409908484094
2174	1.9267064361866089
2175	1.9240905395612202
2176	1.9274424366887482
2177	1.9259251966805482
2178	1.9314913328313386
2179	1.9340051607793176
2180	1.9223992863060164
2181	1.9193515270654302
2182	1.9190764152714115
2183	1.9235472109030922
2184	1.9236082742703848
2185	1.9257955999306675
2186	1.926296020694894
2187	1.922892765946642
2188	1.9238507837067216
2189	1.92369316726255
2190	1.9289181859055673
2191	1.924561839912352
2192	1.9259061470241354
2193	1.9271139598870675
2194	1.921243944249567
2195	1.9206594868426548
2196	1.9215789518151694
2197	1.9228713723557849
2198	1.920533593920777
2199	1.9244055946471137
2200	1.9144327186512908
2201	1.9146117699909915
2202	1.9130452205369186
2203	1.9059642962685208
2204	1.9052633951944562
2205	1.9065584364622437
2206	1.9099141260627026
2207	1.9109367461050168
2208	1.9137504241935166
2209	1.912916590219575
2210	1.9143721569007712
2211	1.9139688882838513
2212	1.9135034898731151
2213	1.9160850736979524
2214	1.9157224448914552
2215	1.9192740969071669
2216	1.9181451339646851
2217	1.9245054480236645
2218	1.9264214634984096
2219	1.9211441768354427
2220	1.9216529572551915
2221	1.921628523795839
2222	1.9269872632176024
2223	1.9235799308161077
2224	1.924796023214267
2225	1.9196106344142747
2226	1.9204915293353009
2227	1.9167660323009532
2228	1.9165228386546815
2229	1.91515601189758
2230	1.9147259383514033
2231	1.9007502120809499
2232	1.900128025570744
2233	1.8997360410318327
2234	1.9060477023356623
2235	1.9020229467945668
2236	1.8982525190765003
2237	1.8969466459091033
2238	1.895663918382091
2239	1.8870103564539433
2240	1.8866698013009244
2241	1.8836109738092655
2242	1.8777003146659452
2243	1.8831681414656918
2244	1.8837852569583358
2245	1.8889379262752857
2246	1.8915572383773602
2247	1.8912269528272916
2248	1.887804845254947
2249	1.882074400498741
2250	1.8816688835512365
2251	1.888129275696183
2252	1.8850279983205829
2253	1.8825649870698882
2254	1.8820288781216885
2255	1.8733048254548945
2256	1.8797121312216842
2257	1.8787417058306546
2258	1.8835427199953567
2259	1.8754011926305176
2260	1.8780877471686035
2261	1.880143116940956
2262	1.879531303805497
2263	1.877874260875406
2264	1.8795927309730696
2265	1.8773872632404316
2266	1.883185885586166
2267	1.8857358207363626
2268	1.8827511806724369
2269	1.8863920299992758
2270	1.8845460915369292
2271	1.8898034533551893
2272	1.8917863424946226
2273	1.8862667998697173
2274	1.8870246474550163
2275	1.8881840273458617
2276	1.886761939936666
2277	1.8849678680324464
2278	1.8844352257504566
2279	1.884412349120926
2280	1.8928607612851216
2281	1.899525280489506
2282	1.9018486682704503
2283	1.8940030306466822
2284	1.899692889288334
2285	1.8996837369995303
2286	1.8993465040262971
2287	1.8992892196193643
2288	1.9000973823204002
2289	1.900649522622488
2290	1.9017350461596692
2291	1.9063783793453253
2292	1.9060554503282392
2293	1.9068561553974754
2294	1.908365582374268
2295	1.9064637197918661
2296	1.9033845870804653
2297	1.9105608498039153
2298	1.9044831738303143
2299	1.897439666490807
2300	1.8953543999271962
2301	1.8963675266383637
2302	1.8964885989726492
2303	1.8998620227890746
2304	1.9006498066346333
2305	1.9012836239730935
2306	1.8933885040822258
2307	1.9006501869585422
2308	1.9063898432246948
2309	1.9116574302286582
2310	1.9112233345364154
2311	1.911294784949292
2312	1.9157040015367555
2313	1.9135071574493285
2314	1.9155194135006968
2315	1.9144380455842562
2316	1.9156635264588724
2317	1.9096499814843721
2318	1.9055581536554247
2319	1.9092938960605708
2320	1.9103784836510485
2321	1.9145918719181152
2322	1.9091030170037524
2323	1.9160657617139043
2324	1.9123182288038294
2325	1.9074992998669382
2326	1.9035407652239646
2327	1.9032048223978444
2328	1.9037199422832527
2329	1.9097244884103417
2330	1.9126610592833617
2331	1.915751906661909
2332	1.91599228805489
2333	1.9150371863463707
2334	1.9060369417199026
2335	1.907968441756715
2336	1.9090326905594464
2337	1.9106173125449837
2338	1.9086497411295817
2339	1.9158841336395183
2340	1.9151554635880859
2341	1.9184833657890008
2342	1.924432455405744
2343	1.9169106923444228
2344	1.9237590976646244
2345	1.925693750513685
2346	1.926332853695039
2347	1.926747278166978
2348	1.9327878532670415
2349	1.9339173388250153
2350	1.9368609051058565
2351	1.9346469881466744
2352	1.9341699571526163
2353	1.9410138295640513
2354	1.9403050503780814
2355	1.9448000218042696
2356	1.9386336025744684
2357	1.9352971230382436
2358	1.934266049571645
2359	1.9395423422762765
2360	1.940890217018505
2361	1.9337228304784209
2362	1.9317785765976905
2363	1.9360037398387804
2364	1.9336958304587357
2365	1.9354772784248273
2366	1.9326717932248783
2367	1.9370077814379434
2368	1.9392500998927231
2369	1.9384910641845192
2370	1.936976415119377
2371	1.9397184629966344
2372	1.9323800365476822
2373	1.9344137655953277
2374	1.9339431093539037
2375	1.9300232781583118
2376	1.92812733359953
2377	1.9240672340805758
2378	1.9193220920098388
2379	1.9182800392875128
2380	1.9117678614150255
2381	1.9060683341742306
2382	1.9090987021076578
2383	1.9081902605502281
2384	1.9012764873002916
2385	1.9019836170773063
2386	1.908136900115484
2387	1.904459337391413
2388	1.8975377205964883
2389	1.889108989493393
2390	1.884169017512898
2391	1.8872269253305411
2392	1.8905768504784186
2393	1.8954256845767754
2394	1.8935655752080782
2395	1.8921165355201948
2396	1.8979478601594266
2397	1.894559941910045
2398	1.8997132120941183
2399	1.9023698876761679
2400	1.9014639577371282
2401	1.8981414946543624
2402	1.8927430628771054
2403	1.8915421086780992
2404	1.8956087609471435
2405	1.8915553032231922
2406	1.896463378386652
2407	1.8897582823746826
2408	1.8778178563948915
2409	1.8760457985873928
2410	1.8821690397286235
2411	1.8889794024170654
2412	1.8867126975352784
2413	1.881694477075852
2414	1.889605536411352
2415	1.888438754125213
2416	1.8863865599656713
2417	1.8900307308296753
2418	1.8933063445145824
2419	1.8931558556822088
2420	1.8997164744954806
2421	1.9040214860449838
2422	1.9033531794233456
2423	1.897663459738737
2424	1.9079680515050041
2425	1.912638280974346
2426	1.9139171877825363
2427	1.913429924766066
2428	1.912723631632052
2429	1.9117666361107235
2430	1.9116566782790858
2431	1.9045280893709156
2432	1.9032288449967703
2433	1.9020275888834735
2434	1.905027758133198
2435	1.9080137493482716
2436	1.9019018235694367
2437	1.9027720845760145
2438	1.9022486993328775
2439	1.8963572182556427
2440	1.8957481128622553
2441	1.8951582947824064
2442	1.8965727929874607
2443	1.8987637233274532
2444	1.8900581072317866
2445	1.8863643245653217
2446	1.8850263874845985
2447	1.8844939491518118
2448	1.882535283538186
2449	1.8843340852657966
2450	1.8807862459255893
2451	1.8776252990854578
2452	1.875553384223864
2453	1.8778173213727944
2454	1.8843354075177243
2455	1.878878848653082
2456	1.8811646600326424
2457	1.8817814378486866
2458	1.8864656880834287
2459	1.8887900520651355
2460	1.8883630558422904
2461	1.8952006611345444
2462	1.9006276337973664
2463	1.8947592201453658
2464	1.894209156057397
2465	1.8927775703737526
2466	1.8921267861020896
2467	1.8858955512659585
2468	1.8838689602453451
2469	1.8891288323667108
2470	1.8877363774980354
2471	1.8915330476746592
2472	1.8875399400580657
2473	1.8914863348414666
2474	1.8875028375152032
2475	1.8981354372903967
2476	1.8968983716183387
2477	1.8918925322779672
2478	1.8927275380300808
2479	1.8903037820348187
2480	1.8921439877535216
2481	1.9005832345531057
2482	1.8968860591183476
2483	1.9054674302844323
2484	1.9103179551159422
2485	1.908131790768879
2486	1.9035245954488489
2487	1.9101531196569073
2488	1.9130647529912512
2489	1.9180440814066702
2490	1.9195053577399117
2491	1.9121155879406928
2492	1.9093730691242963
2493	1.906366236867681
2494	1.9060610700554341
2495	1.9113589179229495
2496	1.9134074302146282
2497	1.9119578894513471
2498	1.9091038728035319
2499	1.909735271064182
2500	1.9181038727551731
2501	1.9240253851491576
2502	1.9267788522845233
2503	1.923130637379778
2504	1.921742568196556
2505	1.920525240893636
2506	1.9205352575001864
2507	1.9204680238887042
2508	1.9232903399157408
2509	1.9238143016700517
2510	1.9188738244402634
2511	1.912688756933584
2512	1.9134900850385745
2513	1.915751019862473
2514	1.9035151204909828
2515	1.9061887499412482
2516	1.9084533017625447
2517	1.905576027098866
2518	1.9069738636400584
2519	1.9047386002661348
2520	1.899297442509218
2521	1.8933712933936426
2522	1.893555351483242
2523	1.8959665372599395
2524	1.887243075921142
2525	1.888798469720736
2526	1.8910760085895169
2527	1.8893430290783892
2528	1.8891798008999092
2529	1.882125214963216
2530	1.8814119770649746
2531	1.8878444755060562
2532	1.8875927973924276
2533	1.8866498238696061
2534	1.8812852915968779
2535	1.8801289386090247
2536	1.8877902360486918
2537	1.9008646378004577
2538	1.8981577974301393
2539	1.8988262016539987
2540	1.9003974566177815
2541	1.8976234653920943
2542	1.8975352930120881
2543	1.8969657415473355
2544	1.8982024901310346
2545	1.9008030216541727
2546	1.9057048573461304
2547	1.9113860307714112
2548	1.9106232784426107
2549	1.9067637795672554
2550	1.9070662085869006
2551	1.9108154111840499
2552	1.907695802530869
2553	1.9059205331370066
2554	1.903024233097516
2555	1.9037504680983734
2556	1.8999527647603496
2557	1.9004627624017596
2558	1.8951746453808724
2559	1.8974207794837599
2560	1.8984066443876324
2561	1.8948683688537935
2562	1.892151280292142
2563	1.898274974507511
2564	1.896923267672065
2565	1.8965939824731517
2566	1.8979520148349058
2567	1.894154082708128
2568	1.8987241880738857
2569	1.8946698435539002
2570	1.8957647958520447
2571	1.893109569265034
2572	1.8968488511708634
2573	1.8942414565223364
2574	1.8994800314263722
2575	1.8952218562192202
2576	1.8952719232074728
2577	1.8983939162886543
2578	1.899462421926272
2579	1.9004309415342187
2580	1.9025015563629855
2581	1.8933386041982994
2582	1.8889455289824846
2583	1.8860278185464108
2584	1.8853690567964878
2585	1.8938114319481771
2586	1.8958739815406678
2587	1.8897938922672703
2588	1.8943548305264197
2589	1.8967381241855596
2590	1.90127169870728
2591	1.902071436140328
2592	1.9046050186208399
2593	1.9019721761637391
2594	1.9071097767598386
2595	1.9072763882527268
2596	1.9158963052167204
2597	1.9176586263719417
2598	1.922061227405687
2599	1.923799612449321
2600	1.9191075109348843
2601	1.9188042217114012
2602	1.9168807808798547
2603	1.9184343177783105
2604	1.918594147150166
2605	1.920163162633568
2606	1.9213012348153569
2607	1.9239862515123292
2608	1.925251074407288
2609	1.9275369815695875
2610	1.9248928567026753
2611	1.922894245622994
2612	1.9234311013758503
2613	1.9247360303705874
2614	1.9276247254749037
2615	1.9278574958361963
2616	1.9263239343764207
2617	1.9290477013552996
2618	1.9291084150592832
2619	1.9287839287266597
2620	1.9226036846562473
2621	1.92402993570873
2622	1.921581978903802
2623	1.9254922708796471
2624	1.925004190480164
2625	1.9270894406787666
2626	1.9272874903672332
2627	1.926697526486716
2628	1.9289834478776942
2629	1.9326906926053975
2630	1.9335009149227889
2631	1.9291859617243572
2632	1.9316033550527634
2633	1.9313244626146278
2634	1.9332592089917378
2635	1.9282504784042647
2636	1.9256400954196369
2637	1.9119259618068734
2638	1.910603007356717
2639	1.9080483042570495
2640	1.9058780426565822
2641	1.903207675121292
2642	1.9020894546086249
2643	1.9033588918286601
2644	1.9048299288669708
2645	1.9130332678746425
2646	1.911648534730664
2647	1.90289526599065
2648	1.9074384573344771
2649	1.912626569566364
2650	1.9095120826102359
2651	1.9149068566632559
2652	1.9138074315428208
2653	1.9056780211243007
2654	1.9066154148251262
2655	1.9088021486669582
2656	1.908526482735937
2657	1.9133224115293521
2658	1.9135629448201095
2659	1.9114182849193262
2660	1.9076958089833125
2661	1.9125741184621412
2662	1.907498412399601
2663	1.904595383895353
2664	1.9104816671809213
2665	1.9119355905832234
2666	1.9088792492261792
2667	1.9130758958199638
2668	1.9165559000955652
2669	1.915775727796737
2670	1.9167309601661802
2671	1.9102670277942482
2672	1.9117810112025206
2673	1.9196354362690795
2674	1.914255673240632
2675	1.916116512556888
2676	1.9145155890767749
2677	1.917396408340608
2678	1.9194300356941865
2679	1.9185705501084194
2680	1.9178683773438716
2681	1.9231946171314547
2682	1.930372282089844
2683	1.928070233577399
2684	1.931509386906255
2685	1.9257700799223236
2686	1.933331233204309
2687	1.9393203405277153
2688	1.9365448262036122
2689	1.9352202764958863
2690	1.934063534374168
2691	1.9380374086123902
2692	1.9451040553392664
2693	1.9501173490037518
2694	1.9441000801829722
2695	1.9423391257328815
2696	1.9285070342722102
2697	1.9295822392833413
2698	1.924012527247018
2699	1.9268029231676531
2700	1.92651123448614
2701	1.9303072724470953
2702	1.930337186140106
2703	1.9304281816922972
2704	1.9331270457318277
2705	1.9291140495078747
2706	1.9258937682944375
2707	1.9271683534103767
2708	1.932364623182665
2709	1.934228802067072
2710	1.9407837058167543
2711	1.9413349428537876
2712	1.9421486293471988
2713	1.9406499555898575
2714	1.948996430568455
2715	1.9477514862081777
2716	1.9491915272799674
2717	1.946472429896308
2718	1.9459928611301114
2719	1.9477824867902231
2720	1.9501987566445582
2721	1.9477065991995497
2722	1.9495703673098352
2723	1.9487004224155622
2724	1.948532102848508
2725	1.9474637992221373
2726	1.9497214687340612
2727	1.9505786864553778
2728	1.9484317090179202
2729	1.948161069938122
2730	1.947895273690474
2731	1.9483003370813337
2732	1.9526543937142475
2733	1.9558867087319598
2734	1.9568417419465862
2735	1.955133549336117
2736	1.9508999397664961
2737	1.9521993102584136
2738	1.9592003689084714
2739	1.9592128990745317
2740	1.9646835841116552
2741	1.9672285812077377
2742	1.9660265218002164
2743	1.9650749045990958
2744	1.965126405623244
2745	1.9535984502447723
2746	1.9525564592597882
2747	1.960222224629502
2748	1.9533797558856465
2749	1.950010291507056
2750	1.956057016969805
2751	1.9511170224926733
2752	1.9534364029950764
2753	1.9586151426329705
2754	1.9575846342958612
2755	1.9623345016732803
2756	1.9652346937622769
2757	1.9682415478148545
2758	1.9694812534380461
2759	1.9629181104665117
2760	1.966547864954265
2761	1.9645011879863536
2762	1.966188410282545
2763	1.9661311541668307
2764	1.9664203609560866
2765	1.9662852284260055
2766	1.9652749815877577
2767	1.9667030499576639
2768	1.9600850334449598
2769	1.9606215206238846
2770	1.9667622907832394
2771	1.9644084130733646
2772	1.9652190393505244
2773	1.9584728927397104
2774	1.9566777974189524
2775	1.9559511433345746
2776	1.9629592155858147
2777	1.966091031824623
2778	1.9622395289900423
2779	1.9619873663367136
2780	1.9596479440888068
2781	1.9565750339346182
2782	1.9568675012098609
2783	1.9585483587087067
2784	1.9537195803458938
2785	1.9544466697451608
2786	1.9459271767830912
2787	1.9435727318476457
2788	1.9419647467358023
2789	1.947203638130789
2790	1.9494693488040304
2791	1.9462589325411543
2792	1.9380810281156928
2793	1.9370778978742724
2794	1.937187804317168
2795	1.934281793630743
2796	1.9341933819868873
2797	1.9287123297260034
2798	1.9260835663656017
2799	1.9263710986760374
2800	1.9282900608205318
2801	1.9262036007256522
2802	1.9301743263363156
2803	1.9248063100821893
2804	1.9265891938902062
2805	1.9357898927865032
2806	1.939360835028619
2807	1.936242378991858
2808	1.936777788758984
2809	1.9361590668011495
2810	1.938806868996682
2811	1.942420800210513
2812	1.9400054727226423
2813	1.94085140005818
2814	1.9328145718260428
2815	1.9338696999603007
2816	1.928228177053933
2817	1.9325895244855809
2818	1.9287211601718717
2819	1.9299380671465942
2820	1.9278312782000058
2821	1.9275632160273208
2822	1.9244590287141494
2823	1.9276401185976901
2824	1.9298018183601642
2825	1.9299704435278258
2826	1.9308996896723418
2827	1.9346981950806186
2828	1.932427692476302
2829	1.9352760188367275
2830	1.9394334669331195
2831	1.940347658046797
2832	1.9374092358283534
2833	1.9358176806580791
2834	1.9378728447273412
2835	1.9411594481147554
2836	1.9440581647178847
2837	1.9394652221176518
2838	1.936683969217197
2839	1.9432722981278612
2840	1.9366949974615475
2841	1.9440668136929844
2842	1.947165530213383
2843	1.951480059213399
2844	1.9500857684067228
2845	1.952607293418821
2846	1.954730551935535
2847	1.9526166589616587
2848	1.9538475635343884
2849	1.9535331925021187
2850	1.9507397309930279
2851	1.9498023121293866
2852	1.947806402751671
2853	1.9483351786872516
2854	1.9498858338474003
2855	1.943358461688623
2856	1.940130824052194
2857	1.9286825003096544
2858	1.9306835958827884
2859	1.9298518836125165
2860	1.9285058814813232
2861	1.9254277387257126
2862	1.9264565821030644
2863	1.9299839330734785
2864	1.9287441991900087
2865	1.9299376933949093
2866	1.937384496558015
2867	1.9352488758577773
2868	1.9367003327992995
2869	1.9362291070236621
2870	1.931920365082842
2871	1.9317285592490256
2872	1.928526238055653
2873	1.9358302072488327
2874	1.9398669654774199
2875	1.937780920663903
2876	1.9323089197921168
2877	1.932699489919717
2878	1.9341095603199627
2879	1.9374665494629768
2880	1.9363812937111684
2881	1.9365351231880636
2882	1.941204877168922
2883	1.9439039866180614
2884	1.9492344232258212
2885	1.9466859515228856
2886	1.9528980302206265
2887	1.9487032763724637
2888	1.9498492594110113
2889	1.9409815132156225
2890	1.934481230473367
2891	1.9364529096430017
2892	1.9389663906276653
2893	1.9398427837160903
2894	1.9440191767281987
2895	1.9447163429619054
2896	1.945921132344272
2897	1.9483184291769533
2898	1.9477305848815463
2899	1.9437511185502374
2900	1.944523043870246
2901	1.9455775172903922
2902	1.9455892936657024
2903	1.9491250243278604
2904	1.9510186201578221
2905	1.9432397626665698
2906	1.941269492362786
2907	1.940753532607046
2908	1.9352327727384155
2909	1.9334198897716945
2910	1.930425269736807
2911	1.9284996679328155
2912	1.9309291139950844
2913	1.9309443369539392
2914	1.9306534892241933
2915	1.9351736768723051
2916	1.9371846056952478
2917	1.9353505845013834
2918	1.9387068255105468
2919	1.94002404662171
2920	1.9381852273230087
2921	1.9363577539976151
2922	1.9380670925718915
2923	1.9334876990975254
2924	1.9275035868648744
2925	1.9294052589587671
2926	1.926690445826002
2927	1.9261017512627236
2928	1.931458480892969
2929	1.9333968491053273
2930	1.9263625857226723
2931	1.9257974821302837
2932	1.9258738575260468
2933	1.9249849222600843
2934	1.9248874926567654
2935	1.930209515593453
2936	1.9319371857534622
2937	1.9354103035040213
2938	1.934500581531673
2939	1.9272514976233301
2940	1.9338570497594008
2941	1.9374926418944958
2942	1.941229970894579
2943	1.9380570053242308
2944	1.9397708538989464
2945	1.941079265701107
2946	1.9385558485340062
2947	1.9397979287090383
2948	1.9370814227790147
2949	1.9418385338067035
2950	1.9434312643289313
2951	1.95375471731806
2952	1.9517730833371802
2953	1.94783289145442
2954	1.9442579458829308
2955	1.9491644093226836
2956	1.9502239815924187
2957	1.9547921534760708
2958	1.9550248340473404
2959	1.9657006137078383
2960	1.9734970080208167
2961	1.9713533628696156
2962	1.9733024216758137
2963	1.9726955459333264
2964	1.973464464142359
2965	1.9817978284386721
2966	1.9817808971769493
2967	1.9773125745254845
2968	1.9842337625192563
2969	1.9817410530223605
2970	1.9825364530031808
2971	1.9854060800601483
2972	1.9808260339743604
2973	1.976796706112084
2974	1.975462084968907
2975	1.9757157176348428
2976	1.9792981725526984
2977	1.975066885970571
2978	1.9798669967251938
2979	1.9750630483833522
2980	1.9790893133014935
2981	1.9788770422534012
2982	1.967506372662293
2983	1.9640114926326229
2984	1.9611115614705754
2985	1.9631809079483484
2986	1.9594888400693788
2987	1.9639309565874554
2988	1.9651982897685927
2989	1.965841814390482
2990	1.9666730810817312
2991	1.961543371824276
2992	1.96094108561196
2993	1.9580564947015258
2994	1.9570786955075634
2995	1.958814829013018
2996	1.9588301463281224
2997	1.9621476529305337
2998	1.9674724129620296
2999	1.9648932345383834