0	0.3
1	0.38888888888888884
2	0.41666666666666663
3	0.4533333333333333
4	0.4666666666666666
5	0.4666666666666667
6	0.47916666666666663
7	0.4962962962962963
8	0.4966666666666667
9	0.496969696969697
10	0.49722222222222223
11	0.5
12	0.5047619047619047
13	0.5066666666666666
14	0.5041666666666667
15	0.5098039215686274
16	0.5074074074074074
17	0.5087719298245613
18	0.5149999999999999
19	0.5158730158730158
20	0.5196969696969697
21	0.5202898550724637
22	0.5166666666666667
23	0.5186666666666667
24	0.517948717948718
25	0.519753086419753
26	0.5166666666666667
27	0.5172413793103449
28	0.5155555555555555
29	0.513978494623656
30	0.5125000000000001
31	0.5151515151515152
32	0.5137254901960785
33	0.5133333333333334
34	0.5129629629629631
35	0.5108108108108109
36	0.5105263157894737
37	0.5085470085470086
38	0.5083333333333334
39	0.5089430894308944
40	0.507936507936508
41	0.506201550387597
42	0.5053030303030304
43	0.5051851851851852
44	0.5036231884057971
45	0.5035460992907802
46	0.5034722222222222
47	0.5034013605442177
48	0.5033333333333334
49	0.5019607843137255
50	0.5019230769230769
51	0.5006289308176101
52	0.5012345679012347
53	0.5000000000000001
54	0.49940476190476196
55	0.4994152046783626
56	0.49885057471264366
57	0.4983050847457627
58	0.4983333333333333
59	0.4972677595628415
60	0.49731182795698925
61	0.49576719576719575
62	0.49583333333333335
63	0.4958974358974359
64	0.4954545454545455
65	0.49552238805970156
66	0.49558823529411766
67	0.49468599033816424
68	0.49428571428571433
69	0.49295774647887325
70	0.4930555555555556
71	0.49269406392694065
72	0.4923423423423424
73	0.49200000000000005
74	0.4912280701754386
75	0.49090909090909096
76	0.4905982905982907
77	0.489451476793249
78	0.48958333333333337
79	0.48971193415637865
80	0.4898373983739838
81	0.49036144578313257
82	0.48968253968253966
83	0.4886274509803921
84	0.4887596899224806
85	0.4881226053639846
86	0.4882575757575758
87	0.48764044943820223
88	0.48666666666666664
89	0.48644688644688644
90	0.4858695652173913
91	0.48602150537634403
92	0.4854609929078013
93	0.4849122807017543
94	0.48437500000000006
95	0.48384879725085916
96	0.4836734693877552
97	0.4835016835016836
98	0.48333333333333345
99	0.48700000000000015
100	0.4850000000000001
101	0.4836666666666667
102	0.48333333333333334
103	0.48166666666666663
104	0.48100000000000004
105	0.4810000000000001
106	0.4796666666666667
107	0.47833333333333333
108	0.47800000000000004
109	0.47766666666666674
110	0.4773333333333335
111	0.47666666666666685
112	0.4756666666666668
113	0.47466666666666674
114	0.47400000000000003
115	0.47266666666666673
116	0.47233333333333327
117	0.47200000000000003
118	0.4703333333333334
119	0.46966666666666673
120	0.46766666666666673
121	0.46666666666666673
122	0.4673333333333333
123	0.466
124	0.46533333333333327
125	0.4639999999999999
126	0.4643333333333333
127	0.4640000000000001
128	0.4640000000000001
129	0.4636666666666667
130	0.46366666666666667
131	0.46233333333333343
132	0.46233333333333343
133	0.4613333333333335
134	0.4603333333333335
135	0.4600000000000001
136	0.4596666666666668
137	0.46033333333333337
138	0.45933333333333337
139	0.45866666666666683
140	0.4583333333333334
141	0.458
142	0.45766666666666667
143	0.45699999999999996
144	0.45666666666666667
145	0.4553333333333333
146	0.45433333333333337
147	0.45333333333333337
148	0.45300000000000007
149	0.4536666666666667
150	0.4533333333333335
151	0.4533333333333334
152	0.45233333333333337
153	0.45233333333333325
154	0.4526666666666666
155	0.45166666666666666
156	0.451
157	0.4506666666666667
158	0.44999999999999996
159	0.4506666666666667
160	0.4503333333333333
161	0.4520000000000001
162	0.4513333333333334
163	0.4506666666666667
164	0.44933333333333336
165	0.44799999999999995
166	0.44833333333333336
167	0.44866666666666677
168	0.44833333333333336
169	0.4483333333333333
170	0.4476666666666666
171	0.44699999999999995
172	0.44699999999999995
173	0.447
174	0.4463333333333334
175	0.44566666666666677
176	0.44566666666666677
177	0.446
178	0.4453333333333333
179	0.4443333333333333
180	0.4443333333333333
181	0.44299999999999995
182	0.44233333333333336
183	0.44233333333333336
184	0.44166666666666665
185	0.44133333333333336
186	0.4403333333333333
187	0.4403333333333333
188	0.4403333333333333
189	0.44
190	0.4396666666666666
191	0.4383333333333333
192	0.4383333333333333
193	0.43766666666666665
194	0.43733333333333335
195	0.43700000000000006
196	0.43666666666666665
197	0.43633333333333324
198	0.43599999999999994
199	0.4366666666666666
200	0.4373333333333333
201	0.43699999999999994
202	0.43666666666666665
203	0.43733333333333335
204	0.436
205	0.4353333333333334
206	0.4346666666666667
207	0.43366666666666676
208	0.433
209	0.43266666666666664
210	0.4333333333333333
211	0.4326666666666666
212	0.4323333333333333
213	0.43199999999999994
214	0.4323333333333333
215	0.43199999999999994
216	0.4319999999999999
217	0.43133333333333324
218	0.43066666666666664
219	0.4306666666666667
220	0.4303333333333334
221	0.43000000000000005
222	0.42933333333333334
223	0.4293333333333333
224	0.4286666666666666
225	0.4286666666666666
226	0.4283333333333333
227	0.42733333333333334
228	0.4266666666666666
229	0.4266666666666666
230	0.42633333333333323
231	0.42566666666666664
232	0.42533333333333323
233	0.42633333333333334
234	0.42633333333333334
235	0.42666666666666664
236	0.42633333333333334
237	0.42633333333333334
238	0.42633333333333323
239	0.42533333333333334
240	0.42566666666666675
241	0.4253333333333334
242	0.42466666666666675
243	0.42400000000000004
244	0.42366666666666675
245	0.42400000000000004
246	0.4243333333333333
247	0.42466666666666664
248	0.4236666666666666
249	0.4229999999999999
250	0.4216666666666666
251	0.42133333333333334
252	0.4213333333333333
253	0.42166666666666663
254	0.42033333333333334
255	0.4203333333333332
256	0.4206666666666667
257	0.4203333333333332
258	0.4203333333333332
259	0.41899999999999993
260	0.418
261	0.4166666666666666
262	0.4159999999999999
263	0.41533333333333333
264	0.41566666666666663
265	0.4159999999999999
266	0.41533333333333333
267	0.41466666666666663
268	0.4143333333333333
269	0.41466666666666663
270	0.4146666666666665
271	0.4143333333333332
272	0.4136666666666666
273	0.4126666666666667
274	0.413
275	0.4133333333333333
276	0.413
277	0.4129999999999999
278	0.41399999999999987
279	0.41399999999999987
280	0.4123333333333333
281	0.41300000000000003
282	0.41300000000000003
283	0.41233333333333344
284	0.41233333333333333
285	0.4126666666666667
286	0.4129999999999999
287	0.4126666666666665
288	0.4129999999999998
289	0.4123333333333332
290	0.412
291	0.41300000000000003
292	0.41266666666666674
293	0.41266666666666674
294	0.41266666666666674
295	0.41333333333333333
296	0.41333333333333333
297	0.41300000000000003
298	0.4136666666666667
299	0.413
300	0.41200000000000003
301	0.4120000000000001
302	0.41200000000000003
303	0.4113333333333333
304	0.41166666666666657
305	0.41166666666666657
306	0.4123333333333333
307	0.412
308	0.41133333333333333
309	0.4106666666666666
310	0.4093333333333334
311	0.40900000000000003
312	0.4083333333333334
313	0.40833333333333327
314	0.408
315	0.4076666666666667
316	0.4066666666666666
317	0.4063333333333333
318	0.40633333333333327
319	0.4056666666666666
320	0.4053333333333333
321	0.4046666666666667
322	0.4043333333333334
323	0.40333333333333343
324	0.40366666666666673
325	0.40333333333333327
326	0.4026666666666667
327	0.402
328	0.402
329	0.40233333333333343
330	0.4016666666666667
331	0.40199999999999997
332	0.4013333333333333
333	0.401
334	0.401
335	0.4003333333333334
336	0.39966666666666667
337	0.39833333333333326
338	0.39766666666666667
339	0.398
340	0.3983333333333334
341	0.39899999999999997
342	0.3989999999999999
343	0.3993333333333333
344	0.3989999999999999
345	0.39866666666666667
346	0.39833333333333326
347	0.39799999999999996
348	0.39799999999999996
349	0.3973333333333333
350	0.3973333333333333
351	0.3973333333333333
352	0.397
353	0.39633333333333326
354	0.39666666666666656
355	0.39633333333333326
356	0.39633333333333326
357	0.39666666666666656
358	0.39599999999999996
359	0.39666666666666656
360	0.39633333333333326
361	0.39633333333333326
362	0.39566666666666656
363	0.39566666666666656
364	0.39599999999999985
365	0.3956666666666666
366	0.395
367	0.39433333333333337
368	0.3946666666666666
369	0.39466666666666655
370	0.3939999999999999
371	0.3936666666666666
372	0.3936666666666666
373	0.39366666666666666
374	0.393
375	0.39233333333333337
376	0.392
377	0.3916666666666667
378	0.39
379	0.39
380	0.39
381	0.3886666666666667
382	0.38933333333333336
383	0.39
384	0.3896666666666666
385	0.3886666666666666
386	0.38766666666666666
387	0.387
388	0.3866666666666667
389	0.3876666666666667
390	0.38833333333333336
391	0.38699999999999996
392	0.38699999999999996
393	0.38733333333333325
394	0.3866666666666667
395	0.3856666666666666
396	0.3856666666666666
397	0.385
398	0.3833333333333334
399	0.3830000000000001
400	0.3830000000000001
401	0.3826666666666668
402	0.3816666666666667
403	0.38100000000000006
404	0.38100000000000006
405	0.38100000000000006
406	0.3803333333333333
407	0.38199999999999995
408	0.38233333333333325
409	0.38266666666666665
410	0.38233333333333325
411	0.382
412	0.38266666666666665
413	0.382
414	0.3813333333333333
415	0.381
416	0.382
417	0.38099999999999995
418	0.38066666666666654
419	0.3813333333333333
420	0.38166666666666665
421	0.3816666666666667
422	0.381
423	0.3813333333333334
424	0.3803333333333334
425	0.3796666666666667
426	0.3789999999999999
427	0.3793333333333333
428	0.37799999999999995
429	0.37699999999999995
430	0.37666666666666665
431	0.3756666666666667
432	0.37566666666666676
433	0.3746666666666667
434	0.37433333333333335
435	0.37366666666666665
436	0.37366666666666665
437	0.3733333333333333
438	0.373
439	0.3726666666666666
440	0.37133333333333335
441	0.37066666666666664
442	0.3706666666666667
443	0.37
444	0.3696666666666667
445	0.3696666666666666
446	0.36900000000000005
447	0.36833333333333335
448	0.3686666666666667
449	0.36800000000000005
450	0.36800000000000005
451	0.3683333333333333
452	0.3679999999999999
453	0.36766666666666664
454	0.368
455	0.36766666666666664
456	0.36700000000000005
457	0.36633333333333323
458	0.3663333333333334
459	0.3653333333333333
460	0.3646666666666667
461	0.3636666666666667
462	0.3636666666666667
463	0.3629999999999999
464	0.3633333333333333
465	0.3629999999999999
466	0.36333333333333323
467	0.36399999999999993
468	0.363
469	0.36133333333333334
470	0.361
471	0.36133333333333334
472	0.3606666666666667
473	0.3606666666666667
474	0.3610000000000001
475	0.36066666666666675
476	0.3600000000000001
477	0.3593333333333334
478	0.3596666666666667
479	0.3586666666666667
480	0.3593333333333333
481	0.35999999999999993
482	0.3586666666666666
483	0.358
484	0.35766666666666663
485	0.35833333333333334
486	0.35833333333333345
487	0.3586666666666667
488	0.35766666666666663
489	0.357
490	0.35600000000000004
491	0.35600000000000004
492	0.3553333333333334
493	0.3543333333333334
494	0.3546666666666667
495	0.3543333333333333
496	0.3546666666666667
497	0.3543333333333334
498	0.3543333333333334
499	0.3536666666666667
500	0.3536666666666667
501	0.35333333333333333
502	0.35333333333333333
503	0.35433333333333344
504	0.35433333333333344
505	0.35333333333333333
506	0.3526666666666666
507	0.3506666666666666
508	0.3499999999999999
509	0.35
510	0.35033333333333333
511	0.3506666666666666
512	0.3496666666666667
513	0.35
514	0.3509999999999999
515	0.3506666666666667
516	0.349
517	0.3496666666666666
518	0.3493333333333334
519	0.3483333333333334
520	0.34800000000000003
521	0.34733333333333344
522	0.34766666666666673
523	0.34766666666666673
524	0.3486666666666667
525	0.3486666666666667
526	0.3486666666666667
527	0.348
528	0.3489999999999999
529	0.3486666666666666
530	0.3486666666666667
531	0.34866666666666674
532	0.34833333333333344
533	0.34766666666666673
534	0.347
535	0.3486666666666667
536	0.348
537	0.3486666666666667
538	0.3493333333333333
539	0.3483333333333333
540	0.349
541	0.3496666666666666
542	0.3493333333333333
543	0.3496666666666666
544	0.3506666666666666
545	0.3503333333333334
546	0.3496666666666666
547	0.3496666666666667
548	0.3486666666666667
549	0.34900000000000003
550	0.3486666666666667
551	0.3476666666666667
552	0.34766666666666673
553	0.34766666666666673
554	0.34700000000000003
555	0.34700000000000003
556	0.34666666666666673
557	0.3456666666666667
558	0.3453333333333334
559	0.3453333333333334
560	0.3456666666666666
561	0.3456666666666667
562	0.34600000000000003
563	0.3456666666666667
564	0.3450000000000001
565	0.3450000000000001
566	0.34299999999999997
567	0.34233333333333343
568	0.34266666666666673
569	0.34333333333333343
570	0.34333333333333343
571	0.34266666666666673
572	0.3423333333333333
573	0.3413333333333333
574	0.3406666666666666
575	0.3403333333333333
576	0.34033333333333327
577	0.3399999999999999
578	0.3396666666666666
579	0.3396666666666667
580	0.3393333333333332
581	0.33766666666666667
582	0.33799999999999997
583	0.3393333333333334
584	0.3396666666666667
585	0.33866666666666667
586	0.33866666666666667
587	0.33766666666666667
588	0.33799999999999997
589	0.33733333333333343
590	0.33733333333333343
591	0.3370000000000001
592	0.337
593	0.337
594	0.33599999999999997
595	0.336
596	0.3356666666666666
597	0.335
598	0.33466666666666667
599	0.3353333333333333
600	0.3353333333333333
601	0.33533333333333337
602	0.3353333333333335
603	0.33366666666666667
604	0.33399999999999996
605	0.33399999999999996
606	0.33366666666666656
607	0.3333333333333332
608	0.33366666666666667
609	0.33299999999999996
610	0.33266666666666667
611	0.3323333333333334
612	0.3326666666666667
613	0.33166666666666667
614	0.3303333333333333
615	0.3296666666666666
616	0.3299999999999999
617	0.32933333333333326
618	0.3296666666666666
619	0.32899999999999996
620	0.3283333333333333
621	0.3283333333333333
622	0.32866666666666666
623	0.3279999999999999
624	0.3276666666666666
625	0.32733333333333325
626	0.32733333333333325
627	0.32733333333333325
628	0.32699999999999996
629	0.32733333333333337
630	0.32733333333333337
631	0.32666666666666666
632	0.3266666666666667
633	0.3263333333333333
634	0.32733333333333325
635	0.3256666666666666
636	0.32533333333333325
637	0.3243333333333333
638	0.3236666666666666
639	0.3236666666666666
640	0.32266666666666666
641	0.32199999999999995
642	0.3213333333333333
643	0.32166666666666666
644	0.321
645	0.3203333333333333
646	0.32099999999999995
647	0.32099999999999995
648	0.3213333333333333
649	0.32099999999999995
650	0.32066666666666666
651	0.32066666666666666
652	0.31999999999999995
653	0.31799999999999995
654	0.31666666666666665
655	0.31633333333333336
656	0.31666666666666665
657	0.317
658	0.31633333333333336
659	0.3153333333333333
660	0.31566666666666665
661	0.31499999999999995
662	0.31499999999999995
663	0.31499999999999995
664	0.31366666666666665
665	0.31299999999999994
666	0.31399999999999995
667	0.31299999999999994
668	0.31199999999999994
669	0.3123333333333333
670	0.312
671	0.3123333333333333
672	0.31166666666666665
673	0.312
674	0.3123333333333333
675	0.3116666666666667
676	0.31133333333333335
677	0.311
678	0.31066666666666665
679	0.3103333333333333
680	0.309
681	0.309
682	0.309
683	0.30766666666666664
684	0.307
685	0.30699999999999994
686	0.3063333333333333
687	0.3063333333333333
688	0.30533333333333335
689	0.3053333333333333
690	0.30466666666666664
691	0.30466666666666664
692	0.30333333333333334
693	0.3023333333333333
694	0.302
695	0.30133333333333334
696	0.3
697	0.30133333333333334
698	0.30166666666666664
699	0.30133333333333334
700	0.30133333333333334
701	0.30066666666666664
702	0.30033333333333334
703	0.30066666666666664
704	0.299
705	0.29833333333333334
706	0.299
707	0.299
708	0.2986666666666667
709	0.29733333333333334
710	0.29633333333333334
711	0.296
712	0.295
713	0.29533333333333334
714	0.29433333333333334
715	0.2943333333333333
716	0.2936666666666667
717	0.293
718	0.29200000000000004
719	0.29266666666666663
720	0.29333333333333333
721	0.294
722	0.2936666666666667
723	0.29399999999999993
724	0.293
725	0.29233333333333333
726	0.292
727	0.29166666666666663
728	0.2906666666666667
729	0.29
730	0.28933333333333333
731	0.29
732	0.28966666666666663
733	0.29
734	0.28933333333333333
735	0.28800000000000003
736	0.28800000000000003
737	0.2886666666666667
738	0.28800000000000003
739	0.288
740	0.2876666666666667
741	0.2866666666666666
742	0.28633333333333333
743	0.286
744	0.285
745	0.2843333333333333
746	0.2836666666666666
747	0.2823333333333333
748	0.2816666666666666
749	0.28133333333333327
750	0.2803333333333333
751	0.2803333333333333
752	0.2793333333333333
753	0.2796666666666667
754	0.2793333333333333
755	0.27899999999999997
756	0.27799999999999997
757	0.2766666666666666
758	0.27566666666666667
759	0.275
760	0.2740000000000001
761	0.273
762	0.27266666666666667
763	0.272
764	0.272
765	0.27166666666666667
766	0.27099999999999996
767	0.271
768	0.27133333333333337
769	0.27
770	0.27
771	0.26933333333333337
772	0.26966666666666667
773	0.26966666666666667
774	0.26866666666666666
775	0.26833333333333337
776	0.2693333333333333
777	0.269
778	0.2686666666666666
779	0.26866666666666666
780	0.26866666666666666
781	0.26899999999999996
782	0.2676666666666666
783	0.26766666666666666
784	0.2663333333333333
785	0.26499999999999996
786	0.26466666666666666
787	0.26533333333333337
788	0.2656666666666666
789	0.26499999999999996
790	0.26499999999999996
791	0.2646666666666666
792	0.2646666666666666
793	0.2656666666666666
794	0.26666666666666666
795	0.2673333333333333
796	0.266
797	0.2643333333333333
798	0.2633333333333333
799	0.2623333333333333
800	0.26066666666666666
801	0.2606666666666666
802	0.26
803	0.259
804	0.25933333333333336
805	0.25933333333333336
806	0.25833333333333336
807	0.258
808	0.25733333333333336
809	0.25733333333333336
810	0.257
811	0.256
812	0.25500000000000006
813	0.25500000000000006
814	0.25566666666666665
815	0.25566666666666665
816	0.257
817	0.257
818	0.25733333333333336
819	0.2556666666666667
820	0.2546666666666667
821	0.2536666666666667
822	0.25233333333333335
823	0.25100000000000006
824	0.2506666666666667
825	0.251
826	0.2506666666666667
827	0.25000000000000006
828	0.2503333333333333
829	0.24966666666666668
830	0.24833333333333332
831	0.24766666666666665
832	0.2476666666666667
833	0.24733333333333335
834	0.24666666666666665
835	0.247
836	0.2463333333333333
837	0.245
838	0.24433333333333335
839	0.24433333333333335
840	0.2436666666666667
841	0.24400000000000002
842	0.243
843	0.242
844	0.24233333333333332
845	0.24266666666666667
846	0.24233333333333335
847	0.24266666666666667
848	0.24266666666666667
849	0.24233333333333335
850	0.24300000000000005
851	0.24233333333333332
852	0.24233333333333332
853	0.24233333333333332
854	0.24333333333333332
855	0.24266666666666667
856	0.24266666666666667
857	0.24433333333333335
858	0.245
859	0.24633333333333332
860	0.24599999999999997
861	0.24633333333333332
862	0.24533333333333332
863	0.245
864	0.24433333333333335
865	0.24466666666666664
866	0.24500000000000002
867	0.24533333333333332
868	0.24433333333333335
869	0.244
870	0.243
871	0.24266666666666667
872	0.24266666666666667
873	0.24166666666666664
874	0.24100000000000002
875	0.242
876	0.2396666666666667
877	0.2403333333333334
878	0.23966666666666672
879	0.23900000000000002
880	0.2376666666666667
881	0.23700000000000002
882	0.23733333333333334
883	0.23633333333333337
884	0.2366666666666667
885	0.23733333333333337
886	0.23633333333333337
887	0.23466666666666672
888	0.2346666666666667
889	0.23399999999999999
890	0.23433333333333334
891	0.23433333333333334
892	0.234
893	0.2326666666666667
894	0.2306666666666667
895	0.22933333333333333
896	0.23
897	0.23
898	0.23
899	0.23066666666666666
900	0.23133333333333328
901	0.231
902	0.23033333333333336
903	0.22966666666666669
904	0.2286666666666667
905	0.22833333333333336
906	0.22766666666666668
907	0.22700000000000004
908	0.22699999999999998
909	0.22699999999999998
910	0.22733333333333333
911	0.22866666666666668
912	0.22866666666666663
913	0.228
914	0.22733333333333333
915	0.22733333333333333
916	0.226
917	0.2253333333333333
918	0.22400000000000006
919	0.22466666666666668
920	0.22466666666666668
921	0.2246666666666667
922	0.2236666666666667
923	0.2236666666666667
924	0.22333333333333336
925	0.22233333333333336
926	0.22266666666666668
927	0.22233333333333338
928	0.22166666666666668
929	0.22166666666666668
930	0.22200000000000006
931	0.22233333333333338
932	0.2216666666666667
933	0.22100000000000006
934	0.2206666666666667
935	0.2206666666666667
936	0.22033333333333335
937	0.22033333333333338
938	0.22166666666666668
939	0.22066666666666673
940	0.221
941	0.22033333333333335
942	0.221
943	0.22066666666666668
944	0.22066666666666668
945	0.22066666666666668
946	0.22000000000000003
947	0.221
948	0.21966666666666668
949	0.21866666666666668
950	0.21866666666666665
951	0.21833333333333335
952	0.21966666666666668
953	0.22033333333333335
954	0.21966666666666665
955	0.2193333333333333
956	0.2176666666666667
957	0.21633333333333338
958	0.21600000000000005
959	0.21466666666666667
960	0.21500000000000002
961	0.21533333333333338
962	0.21566666666666673
963	0.21600000000000005
964	0.21566666666666667
965	0.21566666666666667
966	0.21466666666666667
967	0.21266666666666667
968	0.21266666666666667
969	0.213
970	0.2126666666666667
971	0.21200000000000008
972	0.21133333333333337
973	0.21100000000000005
974	0.212
975	0.21033333333333332
976	0.21100000000000005
977	0.21066666666666667
978	0.21033333333333334
979	0.21033333333333332
980	0.21133333333333332
981	0.21066666666666667
982	0.20966666666666664
983	0.20866666666666664
984	0.20866666666666667
985	0.20833333333333331
986	0.21066666666666667
987	0.21133333333333337
988	0.21100000000000002
989	0.21066666666666672
990	0.2096666666666667
991	0.2096666666666667
992	0.20933333333333334
993	0.2096666666666667
994	0.21033333333333332
995	0.21000000000000005
996	0.20933333333333337
997	0.2086666666666667
998	0.20833333333333337
999	0.2076666666666667
1000	0.20633333333333334
1001	0.20566666666666666
1002	0.20600000000000002
1003	0.20700000000000002
1004	0.2076666666666667
1005	0.20800000000000002
1006	0.20800000000000005
1007	0.20766666666666672
1008	0.20766666666666672
1009	0.2076666666666667
1010	0.20766666666666667
1011	0.20666666666666667
1012	0.20733333333333334
1013	0.20666666666666667
1014	0.20733333333333337
1015	0.20666666666666672
1016	0.20600000000000002
1017	0.207
1018	0.20766666666666667
1019	0.20633333333333337
1020	0.20633333333333334
1021	0.2056666666666667
1022	0.207
1023	0.20633333333333334
1024	0.20766666666666667
1025	0.20766666666666667
1026	0.20633333333333334
1027	0.20633333333333334
1028	0.2056666666666667
1029	0.2053333333333333
1030	0.20533333333333334
1031	0.204
1032	0.205
1033	0.2046666666666667
1034	0.20333333333333337
1035	0.203
1036	0.20300000000000004
1037	0.20233333333333337
1038	0.20066666666666666
1039	0.2006666666666667
1040	0.20033333333333336
1041	0.20033333333333336
1042	0.20033333333333336
1043	0.2
1044	0.199
1045	0.199
1046	0.2
1047	0.199
1048	0.2
1049	0.2
1050	0.19966666666666666
1051	0.2
1052	0.19799999999999998
1053	0.19766666666666668
1054	0.1973333333333333
1055	0.19666666666666668
1056	0.19833333333333336
1057	0.19833333333333336
1058	0.198
1059	0.19899999999999998
1060	0.19866666666666666
1061	0.19833333333333333
1062	0.19766666666666666
1063	0.19666666666666668
1064	0.19700000000000006
1065	0.1956666666666667
1066	0.1946666666666667
1067	0.19666666666666668
1068	0.19633333333333336
1069	0.1956666666666667
1070	0.19600000000000006
1071	0.196
1072	0.19666666666666668
1073	0.19666666666666668
1074	0.19600000000000006
1075	0.19633333333333336
1076	0.196
1077	0.1953333333333333
1078	0.19566666666666666
1079	0.19533333333333336
1080	0.19500000000000003
1081	0.19500000000000003
1082	0.1956666666666667
1083	0.19566666666666666
1084	0.1953333333333333
1085	0.1953333333333333
1086	0.19333333333333336
1087	0.19266666666666665
1088	0.19233333333333338
1089	0.19266666666666668
1090	0.192
1091	0.19099999999999998
1092	0.19200000000000003
1093	0.19200000000000003
1094	0.192
1095	0.192
1096	0.192
1097	0.192
1098	0.192
1099	0.19166666666666668
1100	0.19133333333333333
1101	0.19133333333333336
1102	0.19100000000000006
1103	0.19000000000000003
1104	0.18933333333333338
1105	0.1893333333333334
1106	0.19000000000000003
1107	0.19033333333333338
1108	0.19066666666666665
1109	0.19133333333333333
1110	0.1913333333333333
1111	0.19099999999999998
1112	0.19066666666666662
1113	0.19133333333333333
1114	0.19066666666666662
1115	0.191
1116	0.191
1117	0.19033333333333335
1118	0.18933333333333333
1119	0.18933333333333333
1120	0.18833333333333332
1121	0.18799999999999997
1122	0.18633333333333332
1123	0.18633333333333332
1124	0.18566666666666667
1125	0.18566666666666667
1126	0.18633333333333332
1127	0.18633333333333335
1128	0.18633333333333335
1129	0.18566666666666667
1130	0.18600000000000003
1131	0.18666666666666668
1132	0.18466666666666665
1133	0.185
1134	0.18533333333333335
1135	0.18466666666666665
1136	0.18433333333333335
1137	0.18433333333333338
1138	0.18533333333333335
1139	0.1856666666666667
1140	0.18500000000000003
1141	0.1836666666666667
1142	0.183
1143	0.18266666666666673
1144	0.18166666666666673
1145	0.18133333333333332
1146	0.18
1147	0.17933333333333334
1148	0.1786666666666667
1149	0.17933333333333334
1150	0.17900000000000005
1151	0.1776666666666667
1152	0.17766666666666667
1153	0.1776666666666667
1154	0.1776666666666667
1155	0.17800000000000002
1156	0.177
1157	0.17666666666666667
1158	0.17733333333333334
1159	0.17633333333333337
1160	0.1756666666666667
1161	0.17466666666666672
1162	0.1746666666666667
1163	0.17500000000000004
1164	0.17500000000000004
1165	0.17466666666666672
1166	0.1753333333333334
1167	0.17466666666666672
1168	0.17433333333333337
1169	0.17433333333333337
1170	0.17400000000000002
1171	0.17400000000000002
1172	0.1726666666666667
1173	0.1726666666666667
1174	0.17200000000000004
1175	0.17300000000000001
1176	0.17300000000000001
1177	0.17299999999999996
1178	0.172
1179	0.1723333333333333
1180	0.17233333333333334
1181	0.17300000000000001
1182	0.17400000000000002
1183	0.1746666666666667
1184	0.17400000000000002
1185	0.17300000000000001
1186	0.17233333333333337
1187	0.17233333333333337
1188	0.1720000000000001
1189	0.17166666666666672
1190	0.17200000000000007
1191	0.17200000000000004
1192	0.1713333333333334
1193	0.17133333333333337
1194	0.171
1195	0.172
1196	0.1733333333333333
1197	0.1733333333333333
1198	0.174
1199	0.17433333333333334
1200	0.175
1201	0.17466666666666664
1202	0.175
1203	0.17500000000000004
1204	0.1746666666666667
1205	0.17433333333333334
1206	0.1746666666666667
1207	0.17366666666666672
1208	0.17300000000000004
1209	0.17200000000000004
1210	0.17100000000000004
1211	0.1706666666666667
1212	0.17066666666666674
1213	0.17000000000000007
1214	0.16933333333333336
1215	0.169
1216	0.16866666666666666
1217	0.168
1218	0.168
1219	0.16833333333333333
1220	0.16866666666666671
1221	0.16866666666666671
1222	0.16900000000000007
1223	0.16899999999999998
1224	0.16833333333333333
1225	0.16866666666666666
1226	0.16833333333333333
1227	0.16833333333333333
1228	0.16833333333333333
1229	0.16833333333333336
1230	0.168
1231	0.16766666666666666
1232	0.16833333333333333
1233	0.16733333333333333
1234	0.16633333333333336
1235	0.16633333333333336
1236	0.16800000000000004
1237	0.1673333333333334
1238	0.16633333333333336
1239	0.16500000000000004
1240	0.16433333333333333
1241	0.1653333333333333
1242	0.16599999999999998
1243	0.16633333333333333
1244	0.16766666666666666
1245	0.168
1246	0.16899999999999998
1247	0.169
1248	0.16966666666666672
1249	0.16933333333333336
1250	0.169
1251	0.16866666666666671
1252	0.16900000000000007
1253	0.16866666666666666
1254	0.16766666666666669
1255	0.16766666666666674
1256	0.16733333333333333
1257	0.16766666666666669
1258	0.16666666666666663
1259	0.16699999999999998
1260	0.16733333333333333
1261	0.16833333333333333
1262	0.168
1263	0.169
1264	0.16866666666666663
1265	0.16899999999999998
1266	0.16933333333333334
1267	0.16866666666666663
1268	0.16799999999999998
1269	0.16833333333333333
1270	0.16799999999999998
1271	0.16833333333333333
1272	0.16866666666666666
1273	0.16833333333333336
1274	0.16833333333333336
1275	0.16700000000000004
1276	0.16633333333333333
1277	0.16566666666666666
1278	0.16566666666666666
1279	0.16566666666666666
1280	0.1653333333333333
1281	0.1653333333333333
1282	0.16366666666666668
1283	0.16366666666666663
1284	0.16366666666666663
1285	0.16466666666666666
1286	0.166
1287	0.16566666666666666
1288	0.1653333333333333
1289	0.16566666666666666
1290	0.16599999999999998
1291	0.1663333333333333
1292	0.16599999999999998
1293	0.165
1294	0.165
1295	0.16366666666666668
1296	0.16166666666666665
1297	0.1623333333333333
1298	0.1613333333333333
1299	0.16033333333333333
1300	0.15966666666666662
1301	0.15966666666666662
1302	0.15899999999999997
1303	0.15899999999999997
1304	0.1593333333333333
1305	0.1583333333333333
1306	0.15799999999999997
1307	0.1583333333333333
1308	0.1573333333333333
1309	0.15699999999999997
1310	0.15699999999999997
1311	0.15666666666666665
1312	0.15633333333333332
1313	0.15566666666666665
1314	0.15566666666666665
1315	0.15633333333333332
1316	0.15766666666666668
1317	0.15766666666666668
1318	0.158
1319	0.158
1320	0.15766666666666665
1321	0.1573333333333333
1322	0.15766666666666665
1323	0.15799999999999997
1324	0.1573333333333333
1325	0.15633333333333332
1326	0.15599999999999997
1327	0.15566666666666665
1328	0.15533333333333332
1329	0.15533333333333332
1330	0.15566666666666665
1331	0.15599999999999997
1332	0.15533333333333332
1333	0.15599999999999997
1334	0.15699999999999997
1335	0.15799999999999997
1336	0.15633333333333332
1337	0.15699999999999997
1338	0.1573333333333333
1339	0.1583333333333333
1340	0.15866666666666665
1341	0.1573333333333333
1342	0.1573333333333333
1343	0.15633333333333332
1344	0.15566666666666665
1345	0.156
1346	0.155
1347	0.155
1348	0.154
1349	0.15333333333333332
1350	0.15366666666666665
1351	0.154
1352	0.15366666666666665
1353	0.153
1354	0.154
1355	0.1543333333333333
1356	0.15433333333333332
1357	0.1533333333333333
1358	0.15433333333333332
1359	0.1533333333333333
1360	0.15333333333333332
1361	0.15233333333333332
1362	0.153
1363	0.152
1364	0.152
1365	0.15233333333333332
1366	0.15133333333333332
1367	0.152
1368	0.15333333333333332
1369	0.153
1370	0.15366666666666665
1371	0.15266666666666664
1372	0.15233333333333332
1373	0.15233333333333332
1374	0.153
1375	0.15233333333333332
1376	0.15266666666666664
1377	0.15333333333333332
1378	0.15233333333333332
1379	0.15133333333333332
1380	0.15133333333333332
1381	0.15066666666666667
1382	0.15066666666666667
1383	0.15
1384	0.15033333333333332
1385	0.15033333333333332
1386	0.149
1387	0.14899999999999997
1388	0.14933333333333332
1389	0.149
1390	0.14833333333333332
1391	0.14766666666666664
1392	0.14833333333333332
1393	0.149
1394	0.14933333333333332
1395	0.149
1396	0.14933333333333332
1397	0.148
1398	0.148
1399	0.14833333333333334
1400	0.14866666666666664
1401	0.14833333333333332
1402	0.14766666666666667
1403	0.14766666666666667
1404	0.14799999999999996
1405	0.14833333333333332
1406	0.14766666666666664
1407	0.14866666666666664
1408	0.14833333333333332
1409	0.14866666666666664
1410	0.14799999999999996
1411	0.14766666666666667
1412	0.14766666666666667
1413	0.14933333333333335
1414	0.14933333333333332
1415	0.14733333333333334
1416	0.14566666666666667
1417	0.14633333333333332
1418	0.14633333333333332
1419	0.146
1420	0.14566666666666667
1421	0.14633333333333332
1422	0.14633333333333332
1423	0.14533333333333331
1424	0.14633333333333332
1425	0.14766666666666664
1426	0.14766666666666664
1427	0.14699999999999996
1428	0.14766666666666667
1429	0.14833333333333332
1430	0.14799999999999996
1431	0.14766666666666664
1432	0.14733333333333332
1433	0.14766666666666667
1434	0.14766666666666664
1435	0.14666666666666664
1436	0.146
1437	0.146
1438	0.146
1439	0.14533333333333334
1440	0.14633333333333332
1441	0.14666666666666664
1442	0.146
1443	0.14666666666666667
1444	0.14666666666666667
1445	0.14566666666666667
1446	0.146
1447	0.146
1448	0.146
1449	0.14633333333333332
1450	0.146
1451	0.14533333333333331
1452	0.14533333333333334
1453	0.14566666666666664
1454	0.145
1455	0.145
1456	0.14466666666666664
1457	0.14566666666666667
1458	0.14466666666666664
1459	0.145
1460	0.14466666666666664
1461	0.145
1462	0.14433333333333334
1463	0.1443333333333333
1464	0.14366666666666666
1465	0.145
1466	0.14566666666666667
1467	0.14466666666666664
1468	0.1433333333333333
1469	0.1433333333333333
1470	0.14266666666666666
1471	0.142
1472	0.1423333333333333
1473	0.14133333333333334
1474	0.1403333333333333
1475	0.14033333333333334
1476	0.13966666666666666
1477	0.13966666666666666
1478	0.13999999999999999
1479	0.13999999999999999
1480	0.13999999999999999
1481	0.1403333333333333
1482	0.14066666666666663
1483	0.1403333333333333
1484	0.13999999999999999
1485	0.13866666666666666
1486	0.13999999999999999
1487	0.13966666666666666
1488	0.1393333333333333
1489	0.13899999999999998
1490	0.13899999999999998
1491	0.13899999999999998
1492	0.1383333333333333
1493	0.1383333333333333
1494	0.1373333333333333
1495	0.13799999999999998
1496	0.13766666666666666
1497	0.13866666666666666
1498	0.1383333333333333
1499	0.13866666666666666
1500	0.13866666666666663
1501	0.1393333333333333
1502	0.13999999999999999
1503	0.14033333333333334
1504	0.1393333333333333
1505	0.13966666666666666
1506	0.13966666666666666
1507	0.1383333333333333
1508	0.13966666666666666
1509	0.13899999999999998
1510	0.13866666666666666
1511	0.13899999999999998
1512	0.1383333333333333
1513	0.13766666666666663
1514	0.13766666666666663
1515	0.13899999999999996
1516	0.13866666666666663
1517	0.13799999999999998
1518	0.13733333333333334
1519	0.13666666666666666
1520	0.13799999999999998
1521	0.13733333333333334
1522	0.13666666666666666
1523	0.13799999999999998
1524	0.13733333333333334
1525	0.13666666666666663
1526	0.13699999999999998
1527	0.13699999999999998
1528	0.13599999999999998
1529	0.135
1530	0.13433333333333333
1531	0.13333333333333333
1532	0.1343333333333333
1533	0.13333333333333333
1534	0.13299999999999998
1535	0.13366666666666666
1536	0.13466666666666666
1537	0.13366666666666666
1538	0.13266666666666665
1539	0.13333333333333333
1540	0.13299999999999998
1541	0.13366666666666666
1542	0.13333333333333333
1543	0.13333333333333333
1544	0.13399999999999998
1545	0.13333333333333333
1546	0.13333333333333333
1547	0.13366666666666666
1548	0.13366666666666663
1549	0.13333333333333333
1550	0.13366666666666666
1551	0.1343333333333333
1552	0.13399999999999998
1553	0.1333333333333333
1554	0.13366666666666666
1555	0.13366666666666666
1556	0.13366666666666663
1557	0.13266666666666665
1558	0.1333333333333333
1559	0.13366666666666666
1560	0.13366666666666663
1561	0.13299999999999998
1562	0.13266666666666665
1563	0.132
1564	0.13299999999999998
1565	0.1313333333333333
1566	0.13033333333333333
1567	0.13066666666666665
1568	0.13166666666666665
1569	0.13166666666666665
1570	0.1313333333333333
1571	0.13233333333333333
1572	0.13233333333333333
1573	0.13266666666666665
1574	0.13299999999999998
1575	0.13333333333333333
1576	0.13533333333333333
1577	0.13433333333333333
1578	0.135
1579	0.13633333333333333
1580	0.13666666666666663
1581	0.13566666666666666
1582	0.1353333333333333
1583	0.13566666666666666
1584	0.136
1585	0.1363333333333333
1586	0.1363333333333333
1587	0.13633333333333333
1588	0.1363333333333333
1589	0.13599999999999998
1590	0.13599999999999998
1591	0.13633333333333333
1592	0.13633333333333333
1593	0.136
1594	0.13599999999999998
1595	0.1353333333333333
1596	0.13633333333333333
1597	0.13566666666666666
1598	0.13599999999999998
1599	0.1353333333333333
1600	0.13499999999999998
1601	0.1353333333333333
1602	0.13466666666666666
1603	0.13366666666666666
1604	0.13333333333333333
1605	0.13266666666666665
1606	0.132
1607	0.13199999999999998
1608	0.131
1609	0.1323333333333333
1610	0.13233333333333333
1611	0.13266666666666663
1612	0.13366666666666666
1613	0.13333333333333333
1614	0.13299999999999998
1615	0.13266666666666663
1616	0.13299999999999998
1617	0.13299999999999998
1618	0.13266666666666665
1619	0.13366666666666666
1620	0.13266666666666665
1621	0.13233333333333333
1622	0.13333333333333333
1623	0.13266666666666665
1624	0.13266666666666665
1625	0.132
1626	0.132
1627	0.13299999999999998
1628	0.13333333333333333
1629	0.13399999999999998
1630	0.13466666666666666
1631	0.13466666666666666
1632	0.13466666666666666
1633	0.13466666666666666
1634	0.13499999999999998
1635	0.13466666666666666
1636	0.1343333333333333
1637	0.13466666666666666
1638	0.13466666666666666
1639	0.13466666666666666
1640	0.13366666666666666
1641	0.13299999999999998
1642	0.13299999999999998
1643	0.13333333333333333
1644	0.13299999999999998
1645	0.13299999999999998
1646	0.13333333333333333
1647	0.13233333333333333
1648	0.13233333333333333
1649	0.13333333333333333
1650	0.13333333333333333
1651	0.13366666666666666
1652	0.13366666666666666
1653	0.13399999999999998
1654	0.13333333333333333
1655	0.13333333333333333
1656	0.13399999999999998
1657	0.13399999999999998
1658	0.13299999999999998
1659	0.13299999999999998
1660	0.13233333333333333
1661	0.133
1662	0.133
1663	0.1343333333333333
1664	0.134
1665	0.134
1666	0.1343333333333333
1667	0.13399999999999998
1668	0.13366666666666668
1669	0.13399999999999998
1670	0.13499999999999998
1671	0.1353333333333333
1672	0.13666666666666666
1673	0.1383333333333333
1674	0.1383333333333333
1675	0.13866666666666666
1676	0.13666666666666663
1677	0.13666666666666663
1678	0.13599999999999998
1679	0.13466666666666666
1680	0.13399999999999998
1681	0.13499999999999998
1682	0.1343333333333333
1683	0.13466666666666666
1684	0.1353333333333333
1685	0.136
1686	0.13566666666666666
1687	0.13499999999999998
1688	0.13466666666666666
1689	0.13433333333333333
1690	0.134
1691	0.13366666666666668
1692	0.13333333333333333
1693	0.13399999999999998
1694	0.1343333333333333
1695	0.13466666666666666
1696	0.1343333333333333
1697	0.135
1698	0.13466666666666666
1699	0.13566666666666666
1700	0.136
1701	0.136
1702	0.1363333333333333
1703	0.13699999999999998
1704	0.13766666666666666
1705	0.13799999999999998
1706	0.13799999999999998
1707	0.13899999999999998
1708	0.13866666666666666
1709	0.13799999999999998
1710	0.1383333333333333
1711	0.13799999999999998
1712	0.13666666666666666
1713	0.1363333333333333
1714	0.1363333333333333
1715	0.13566666666666666
1716	0.13566666666666666
1717	0.13499999999999998
1718	0.13599999999999998
1719	0.13633333333333333
1720	0.1363333333333333
1721	0.13799999999999998
1722	0.13766666666666663
1723	0.13733333333333334
1724	0.13766666666666663
1725	0.13799999999999998
1726	0.13799999999999998
1727	0.1383333333333333
1728	0.13899999999999998
1729	0.13866666666666663
1730	0.1383333333333333
1731	0.1383333333333333
1732	0.13699999999999998
1733	0.13799999999999998
1734	0.13766666666666666
1735	0.13799999999999998
1736	0.13766666666666666
1737	0.13766666666666666
1738	0.1383333333333333
1739	0.13766666666666666
1740	0.1383333333333333
1741	0.13899999999999998
1742	0.13999999999999999
1743	0.13899999999999996
1744	0.13799999999999998
1745	0.13799999999999998
1746	0.13699999999999998
1747	0.13666666666666663
1748	0.13666666666666666
1749	0.13666666666666666
1750	0.13633333333333333
1751	0.13599999999999998
1752	0.136
1753	0.136
1754	0.1353333333333333
1755	0.134
1756	0.13333333333333333
1757	0.134
1758	0.13466666666666666
1759	0.13399999999999998
1760	0.13499999999999998
1761	0.13433333333333333
1762	0.13533333333333333
1763	0.135
1764	0.1343333333333333
1765	0.13466666666666666
1766	0.13466666666666666
1767	0.135
1768	0.1343333333333333
1769	0.1343333333333333
1770	0.13366666666666666
1771	0.13366666666666666
1772	0.13166666666666665
1773	0.13166666666666665
1774	0.13199999999999998
1775	0.1313333333333333
1776	0.1323333333333333
1777	0.13299999999999998
1778	0.13366666666666666
1779	0.13366666666666666
1780	0.13399999999999998
1781	0.1343333333333333
1782	0.1353333333333333
1783	0.13499999999999998
1784	0.13366666666666666
1785	0.13366666666666666
1786	0.13266666666666665
1787	0.13366666666666666
1788	0.13366666666666666
1789	0.13399999999999998
1790	0.13433333333333333
1791	0.134
1792	0.13366666666666666
1793	0.13266666666666665
1794	0.13233333333333333
1795	0.13266666666666665
1796	0.13333333333333333
1797	0.13233333333333333
1798	0.13299999999999998
1799	0.132
1800	0.13166666666666665
1801	0.13033333333333333
1802	0.13066666666666665
1803	0.12933333333333333
1804	0.12899999999999998
1805	0.12933333333333333
1806	0.12933333333333333
1807	0.12866666666666665
1808	0.129
1809	0.12866666666666668
1810	0.12833333333333333
1811	0.12866666666666668
1812	0.12866666666666665
1813	0.12899999999999998
1814	0.12933333333333333
1815	0.12933333333333333
1816	0.131
1817	0.13166666666666668
1818	0.13166666666666665
1819	0.131
1820	0.131
1821	0.12999999999999998
1822	0.12933333333333333
1823	0.12933333333333333
1824	0.12866666666666665
1825	0.12866666666666662
1826	0.12766666666666665
1827	0.12666666666666665
1828	0.12666666666666665
1829	0.1273333333333333
1830	0.12766666666666665
1831	0.12766666666666665
1832	0.12866666666666665
1833	0.128
1834	0.1283333333333333
1835	0.128
1836	0.12866666666666665
1837	0.1283333333333333
1838	0.12899999999999998
1839	0.12899999999999998
1840	0.12833333333333333
1841	0.1283333333333333
1842	0.12766666666666665
1843	0.1283333333333333
1844	0.12933333333333333
1845	0.13066666666666665
1846	0.13133333333333333
1847	0.13199999999999998
1848	0.13166666666666665
1849	0.12999999999999998
1850	0.13066666666666665
1851	0.13033333333333333
1852	0.131
1853	0.13166666666666665
1854	0.13233333333333333
1855	0.13299999999999998
1856	0.13233333333333333
1857	0.13333333333333333
1858	0.134
1859	0.13466666666666666
1860	0.1343333333333333
1861	0.13399999999999998
1862	0.13299999999999998
1863	0.13266666666666665
1864	0.13233333333333333
1865	0.13166666666666665
1866	0.132
1867	0.132
1868	0.13233333333333333
1869	0.13166666666666665
1870	0.13133333333333333
1871	0.1313333333333333
1872	0.132
1873	0.13133333333333333
1874	0.131
1875	0.1313333333333333
1876	0.13
1877	0.12899999999999998
1878	0.12866666666666668
1879	0.12899999999999998
1880	0.12933333333333333
1881	0.12866666666666665
1882	0.128
1883	0.12799999999999997
1884	0.129
1885	0.12866666666666665
1886	0.12866666666666665
1887	0.12966666666666665
1888	0.13
1889	0.12966666666666665
1890	0.12933333333333333
1891	0.12966666666666668
1892	0.12933333333333333
1893	0.1303333333333333
1894	0.1303333333333333
1895	0.12966666666666665
1896	0.13
1897	0.131
1898	0.12966666666666668
1899	0.12966666666666668
1900	0.12933333333333333
1901	0.12933333333333333
1902	0.12933333333333333
1903	0.12933333333333333
1904	0.129
1905	0.12833333333333333
1906	0.12966666666666668
1907	0.12933333333333333
1908	0.12966666666666665
1909	0.12966666666666665
1910	0.12966666666666668
1911	0.12933333333333333
1912	0.13033333333333333
1913	0.12999999999999998
1914	0.12999999999999998
1915	0.12999999999999998
1916	0.12833333333333333
1917	0.12899999999999998
1918	0.128
1919	0.12899999999999998
1920	0.12899999999999998
1921	0.12966666666666665
1922	0.13066666666666665
1923	0.1303333333333333
1924	0.13066666666666665
1925	0.12999999999999998
1926	0.1303333333333333
1927	0.13066666666666665
1928	0.12999999999999998
1929	0.12899999999999998
1930	0.12799999999999997
1931	0.128
1932	0.12766666666666665
1933	0.12766666666666665
1934	0.12799999999999997
1935	0.12833333333333333
1936	0.1283333333333333
1937	0.1293333333333333
1938	0.12833333333333333
1939	0.12899999999999998
1940	0.12899999999999998
1941	0.12899999999999998
1942	0.12966666666666665
1943	0.12866666666666665
1944	0.1283333333333333
1945	0.12699999999999997
1946	0.12666666666666665
1947	0.12633333333333333
1948	0.12666666666666665
1949	0.127
1950	0.12599999999999997
1951	0.126
1952	0.12533333333333332
1953	0.125
1954	0.12599999999999997
1955	0.12733333333333333
1956	0.12799999999999997
1957	0.12666666666666665
1958	0.12533333333333332
1959	0.125
1960	0.12433333333333332
1961	0.12466666666666666
1962	0.12433333333333332
1963	0.125
1964	0.12666666666666665
1965	0.12733333333333333
1966	0.12766666666666665
1967	0.127
1968	0.1273333333333333
1969	0.127
1970	0.12733333333333333
1971	0.127
1972	0.127
1973	0.126
1974	0.12633333333333333
1975	0.12666666666666665
1976	0.12766666666666665
1977	0.12866666666666665
1978	0.12933333333333333
1979	0.12899999999999998
1980	0.12933333333333333
1981	0.12933333333333333
1982	0.12933333333333333
1983	0.12966666666666665
1984	0.12833333333333333
1985	0.12733333333333333
1986	0.12733333333333333
1987	0.12666666666666665
1988	0.12666666666666665
1989	0.12766666666666665
1990	0.12899999999999998
1991	0.12933333333333333
1992	0.12999999999999998
1993	0.1303333333333333
1994	0.13099999999999998
1995	0.13066666666666665
1996	0.13
1997	0.13
1998	0.13033333333333333
1999	0.13
2000	0.13066666666666665
2001	0.13166666666666665
2002	0.13166666666666665
2003	0.13199999999999998
2004	0.13266666666666663
2005	0.13233333333333333
2006	0.13066666666666665
2007	0.1313333333333333
2008	0.1313333333333333
2009	0.131
2010	0.1313333333333333
2011	0.13166666666666665
2012	0.1313333333333333
2013	0.13166666666666665
2014	0.13099999999999998
2015	0.131
2016	0.13066666666666665
2017	0.12966666666666668
2018	0.12999999999999998
2019	0.12866666666666665
2020	0.12933333333333333
2021	0.12933333333333333
2022	0.12833333333333333
2023	0.12866666666666662
2024	0.128
2025	0.12933333333333333
2026	0.12899999999999998
2027	0.12899999999999998
2028	0.12966666666666665
2029	0.12966666666666665
2030	0.1303333333333333
2031	0.13166666666666665
2032	0.13166666666666665
2033	0.13166666666666665
2034	0.13066666666666665
2035	0.13066666666666665
2036	0.1313333333333333
2037	0.1313333333333333
2038	0.13166666666666665
2039	0.1313333333333333
2040	0.13066666666666665
2041	0.13033333333333333
2042	0.12966666666666668
2043	0.12999999999999998
2044	0.12999999999999998
2045	0.12966666666666665
2046	0.12933333333333333
2047	0.12933333333333333
2048	0.13
2049	0.13099999999999998
2050	0.13066666666666665
2051	0.13233333333333333
2052	0.13266666666666665
2053	0.13233333333333333
2054	0.132
2055	0.1313333333333333
2056	0.13299999999999998
2057	0.13299999999999998
2058	0.13333333333333333
2059	0.133
2060	0.13366666666666666
2061	0.1343333333333333
2062	0.1343333333333333
2063	0.13299999999999998
2064	0.13233333333333333
2065	0.132
2066	0.13166666666666665
2067	0.13166666666666665
2068	0.13166666666666665
2069	0.13233333333333333
2070	0.13199999999999998
2071	0.13166666666666665
2072	0.13099999999999998
2073	0.13166666666666665
2074	0.13099999999999998
2075	0.1303333333333333
2076	0.1303333333333333
2077	0.12999999999999998
2078	0.13066666666666665
2079	0.1303333333333333
2080	0.1303333333333333
2081	0.12966666666666662
2082	0.12999999999999998
2083	0.12966666666666665
2084	0.12999999999999998
2085	0.1303333333333333
2086	0.12999999999999998
2087	0.12933333333333333
2088	0.12933333333333333
2089	0.12966666666666665
2090	0.12799999999999997
2091	0.12733333333333333
2092	0.12766666666666665
2093	0.126
2094	0.12566666666666665
2095	0.126
2096	0.12466666666666665
2097	0.12433333333333332
2098	0.12499999999999996
2099	0.12533333333333332
2100	0.12566666666666665
2101	0.12466666666666665
2102	0.12499999999999999
2103	0.1263333333333333
2104	0.12666666666666665
2105	0.1273333333333333
2106	0.12833333333333333
2107	0.12699999999999997
2108	0.126
2109	0.12599999999999997
2110	0.12666666666666665
2111	0.12599999999999997
2112	0.125
2113	0.12433333333333334
2114	0.12433333333333332
2115	0.12433333333333332
2116	0.125
2117	0.12466666666666666
2118	0.12499999999999999
2119	0.12566666666666665
2120	0.12466666666666665
2121	0.12366666666666665
2122	0.12466666666666665
2123	0.124
2124	0.124
2125	0.12299999999999998
2126	0.12333333333333332
2127	0.12333333333333334
2128	0.12233333333333332
2129	0.122
2130	0.12233333333333332
2131	0.12133333333333333
2132	0.12033333333333333
2133	0.12066666666666664
2134	0.12166666666666666
2135	0.12133333333333331
2136	0.11899999999999998
2137	0.11833333333333332
2138	0.11766666666666667
2139	0.11833333333333332
2140	0.11933333333333332
2141	0.11866666666666666
2142	0.11833333333333335
2143	0.118
2144	0.11699999999999999
2145	0.11766666666666666
2146	0.11866666666666666
2147	0.11899999999999998
2148	0.11833333333333332
2149	0.11766666666666666
2150	0.1183333333333333
2151	0.11666666666666664
2152	0.1173333333333333
2153	0.11699999999999999
2154	0.11666666666666664
2155	0.11633333333333332
2156	0.11433333333333331
2157	0.11366666666666665
2158	0.11299999999999999
2159	0.11266666666666665
2160	0.11199999999999999
2161	0.11166666666666666
2162	0.11199999999999999
2163	0.11299999999999999
2164	0.11299999999999999
2165	0.11233333333333331
2166	0.11199999999999999
2167	0.11266666666666665
2168	0.11299999999999998
2169	0.11266666666666665
2170	0.11233333333333333
2171	0.11266666666666665
2172	0.11299999999999998
2173	0.1133333333333333
2174	0.11333333333333333
2175	0.11333333333333333
2176	0.11266666666666664
2177	0.11233333333333333
2178	0.11133333333333331
2179	0.11199999999999997
2180	0.11066666666666665
2181	0.11066666666666666
2182	0.11033333333333331
2183	0.11033333333333331
2184	0.10999999999999999
2185	0.11033333333333331
2186	0.11066666666666665
2187	0.11066666666666665
2188	0.11066666666666665
2189	0.10933333333333332
2190	0.10999999999999999
2191	0.10999999999999999
2192	0.10933333333333332
2193	0.10999999999999999
2194	0.11066666666666665
2195	0.11066666666666665
2196	0.11233333333333331
2197	0.11166666666666664
2198	0.111
2199	0.11099999999999997
2200	0.11
2201	0.111
2202	0.11
2203	0.10899999999999999
2204	0.10833333333333332
2205	0.10833333333333332
2206	0.10833333333333331
2207	0.1093333333333333
2208	0.11033333333333331
2209	0.10999999999999999
2210	0.10999999999999999
2211	0.10999999999999999
2212	0.11099999999999997
2213	0.11133333333333331
2214	0.11199999999999999
2215	0.11166666666666664
2216	0.11166666666666666
2217	0.11299999999999998
2218	0.11299999999999999
2219	0.11233333333333331
2220	0.11199999999999997
2221	0.11199999999999999
2222	0.11133333333333331
2223	0.11199999999999997
2224	0.11133333333333331
2225	0.11133333333333331
2226	0.11199999999999997
2227	0.11166666666666664
2228	0.11266666666666665
2229	0.1133333333333333
2230	0.11266666666666664
2231	0.11233333333333331
2232	0.11266666666666665
2233	0.11199999999999997
2234	0.11133333333333331
2235	0.11166666666666664
2236	0.11233333333333333
2237	0.11299999999999999
2238	0.11299999999999998
2239	0.11299999999999998
2240	0.11299999999999999
2241	0.11366666666666665
2242	0.11366666666666665
2243	0.11366666666666665
2244	0.11466666666666665
2245	0.11499999999999998
2246	0.11466666666666665
2247	0.11433333333333331
2248	0.11366666666666665
2249	0.11333333333333333
2250	0.11333333333333333
2251	0.11299999999999999
2252	0.11166666666666666
2253	0.11133333333333333
2254	0.111
2255	0.11
2256	0.11133333333333333
2257	0.11166666666666666
2258	0.11166666666666666
2259	0.11199999999999999
2260	0.11199999999999999
2261	0.11299999999999999
2262	0.11399999999999996
2263	0.11366666666666664
2264	0.1133333333333333
2265	0.11399999999999996
2266	0.11399999999999999
2267	0.11399999999999999
2268	0.11366666666666665
2269	0.11399999999999999
2270	0.11433333333333331
2271	0.1133333333333333
2272	0.11366666666666665
2273	0.11299999999999998
2274	0.11399999999999999
2275	0.11466666666666665
2276	0.11499999999999998
2277	0.11566666666666664
2278	0.11533333333333332
2279	0.11466666666666665
2280	0.11499999999999998
2281	0.11633333333333333
2282	0.11533333333333332
2283	0.11533333333333333
2284	0.11499999999999998
2285	0.11566666666666667
2286	0.11666666666666664
2287	0.11699999999999999
2288	0.11666666666666664
2289	0.11733333333333333
2290	0.11766666666666666
2291	0.1173333333333333
2292	0.11733333333333333
2293	0.11666666666666665
2294	0.11499999999999998
2295	0.11466666666666667
2296	0.11299999999999999
2297	0.11433333333333331
2298	0.11399999999999999
2299	0.11399999999999999
2300	0.11433333333333334
2301	0.11433333333333331
2302	0.11466666666666665
2303	0.11466666666666665
2304	0.11399999999999999
2305	0.11433333333333331
2306	0.11433333333333334
2307	0.11366666666666665
2308	0.11299999999999999
2309	0.11299999999999999
2310	0.11266666666666665
2311	0.11266666666666665
2312	0.11299999999999998
2313	0.11233333333333333
2314	0.11166666666666664
2315	0.11266666666666665
2316	0.11199999999999997
2317	0.11066666666666666
2318	0.11033333333333331
2319	0.11033333333333334
2320	0.11033333333333331
2321	0.11066666666666666
2322	0.11133333333333333
2323	0.11133333333333333
2324	0.11133333333333333
2325	0.11133333333333333
2326	0.11066666666666666
2327	0.11066666666666666
2328	0.10999999999999999
2329	0.10933333333333332
2330	0.10899999999999999
2331	0.10966666666666665
2332	0.10966666666666665
2333	0.10999999999999999
2334	0.11099999999999997
2335	0.10966666666666665
2336	0.10999999999999999
2337	0.10933333333333332
2338	0.11099999999999997
2339	0.10966666666666665
2340	0.10899999999999999
2341	0.10833333333333331
2342	0.10833333333333332
2343	0.10833333333333332
2344	0.10799999999999998
2345	0.10766666666666666
2346	0.10633333333333334
2347	0.10599999999999998
2348	0.10633333333333334
2349	0.10733333333333332
2350	0.10733333333333332
2351	0.10766666666666663
2352	0.10799999999999998
2353	0.10833333333333332
2354	0.10799999999999998
2355	0.10866666666666665
2356	0.10733333333333331
2357	0.10733333333333331
2358	0.10766666666666663
2359	0.10733333333333332
2360	0.10833333333333332
2361	0.10733333333333332
2362	0.10599999999999998
2363	0.10566666666666664
2364	0.10533333333333332
2365	0.10533333333333332
2366	0.10566666666666664
2367	0.10533333333333333
2368	0.10466666666666664
2369	0.10366666666666666
2370	0.10400000000000001
2371	0.10533333333333333
2372	0.10499999999999998
2373	0.10533333333333332
2374	0.10466666666666664
2375	0.10499999999999998
2376	0.10533333333333332
2377	0.10499999999999997
2378	0.10433333333333332
2379	0.10499999999999998
2380	0.10499999999999998
2381	0.10399999999999998
2382	0.10533333333333332
2383	0.10499999999999998
2384	0.10599999999999998
2385	0.10533333333333332
2386	0.10399999999999998
2387	0.10499999999999998
2388	0.10466666666666664
2389	0.10399999999999998
2390	0.103
2391	0.10333333333333333
2392	0.10433333333333332
2393	0.10466666666666664
2394	0.10433333333333332
2395	0.10533333333333333
2396	0.10499999999999998
2397	0.10433333333333333
2398	0.10433333333333332
2399	0.10433333333333333
2400	0.10400000000000001
2401	0.10266666666666666
2402	0.10366666666666666
2403	0.10366666666666666
2404	0.10466666666666664
2405	0.10399999999999998
2406	0.1033333333333333
2407	0.10399999999999998
2408	0.10433333333333332
2409	0.10533333333333332
2410	0.10499999999999998
2411	0.10466666666666664
2412	0.10466666666666664
2413	0.10433333333333332
2414	0.10466666666666667
2415	0.10333333333333332
2416	0.10366666666666667
2417	0.10466666666666664
2418	0.10499999999999998
2419	0.10499999999999998
2420	0.10533333333333333
2421	0.10499999999999998
2422	0.10366666666666666
2423	0.10433333333333332
2424	0.10533333333333332
2425	0.10566666666666664
2426	0.106
2427	0.10666666666666666
2428	0.10599999999999998
2429	0.10599999999999998
2430	0.10566666666666664
2431	0.105
2432	0.105
2433	0.10400000000000001
2434	0.10399999999999998
2435	0.10466666666666664
2436	0.10399999999999998
2437	0.10466666666666664
2438	0.103
2439	0.10333333333333333
2440	0.10366666666666666
2441	0.10366666666666666
2442	0.10433333333333332
2443	0.10466666666666667
2444	0.10433333333333333
2445	0.10399999999999998
2446	0.10466666666666667
2447	0.10499999999999998
2448	0.10766666666666667
2449	0.10666666666666667
2450	0.106
2451	0.105
2452	0.10466666666666664
2453	0.10466666666666667
2454	0.10466666666666667
2455	0.10399999999999998
2456	0.10433333333333332
2457	0.10433333333333332
2458	0.10366666666666667
2459	0.103
2460	0.10233333333333333
2461	0.103
2462	0.103
2463	0.103
2464	0.10366666666666666
2465	0.10399999999999998
2466	0.10366666666666666
2467	0.10533333333333333
2468	0.10533333333333333
2469	0.10566666666666666
2470	0.10533333333333333
2471	0.10399999999999998
2472	0.10333333333333332
2473	0.103
2474	0.10233333333333333
2475	0.10199999999999998
2476	0.10099999999999999
2477	0.10066666666666664
2478	0.10133333333333332
2479	0.10099999999999999
2480	0.10099999999999998
2481	0.10099999999999998
2482	0.10066666666666664
2483	0.10066666666666664
2484	0.10066666666666664
2485	0.10099999999999998
2486	0.10166666666666664
2487	0.10066666666666664
2488	0.10066666666666663
2489	0.10099999999999999
2490	0.10166666666666664
2491	0.102
2492	0.10099999999999998
2493	0.10066666666666667
2494	0.102
2495	0.102
2496	0.10266666666666666
2497	0.103
2498	0.10333333333333332
2499	0.10366666666666666
2500	0.10433333333333332
2501	0.10433333333333332
2502	0.103
2503	0.103
2504	0.102
2505	0.10266666666666666
2506	0.10266666666666666
2507	0.102
2508	0.10166666666666666
2509	0.10033333333333333
2510	0.1
2511	0.10033333333333333
2512	0.09966666666666667
2513	0.10033333333333333
2514	0.09966666666666667
2515	0.10033333333333333
2516	0.10033333333333333
2517	0.10033333333333333
2518	0.09933333333333333
2519	0.09933333333333333
2520	0.099
2521	0.09899999999999999
2522	0.09966666666666665
2523	0.09899999999999999
2524	0.09766666666666665
2525	0.09666666666666664
2526	0.09633333333333333
2527	0.09599999999999997
2528	0.09699999999999999
2529	0.09733333333333331
2530	0.09799999999999999
2531	0.09766666666666665
2532	0.09799999999999999
2533	0.09833333333333333
2534	0.09733333333333333
2535	0.09766666666666665
2536	0.09833333333333333
2537	0.09799999999999998
2538	0.09799999999999999
2539	0.09733333333333331
2540	0.09699999999999998
2541	0.09733333333333331
2542	0.096
2543	0.09566666666666666
2544	0.09533333333333331
2545	0.09533333333333331
2546	0.09633333333333331
2547	0.09699999999999998
2548	0.09566666666666665
2549	0.0963333333333333
2550	0.0963333333333333
2551	0.09699999999999998
2552	0.09766666666666665
2553	0.09766666666666664
2554	0.09766666666666664
2555	0.09833333333333333
2556	0.09866666666666665
2557	0.09899999999999996
2558	0.09899999999999999
2559	0.10133333333333332
2560	0.10166666666666664
2561	0.10166666666666664
2562	0.10199999999999998
2563	0.10199999999999998
2564	0.10199999999999998
2565	0.10133333333333332
2566	0.10199999999999998
2567	0.09966666666666665
2568	0.09966666666666667
2569	0.09999999999999998
2570	0.09966666666666667
2571	0.10033333333333332
2572	0.10099999999999999
2573	0.10099999999999998
2574	0.10133333333333332
2575	0.10066666666666664
2576	0.10066666666666667
2577	0.10099999999999998
2578	0.10099999999999999
2579	0.10066666666666664
2580	0.10033333333333332
2581	0.09966666666666665
2582	0.09966666666666665
2583	0.09966666666666665
2584	0.09866666666666664
2585	0.09799999999999999
2586	0.09799999999999998
2587	0.09799999999999999
2588	0.0983333333333333
2589	0.0983333333333333
2590	0.09799999999999999
2591	0.09766666666666664
2592	0.0983333333333333
2593	0.0983333333333333
2594	0.0983333333333333
2595	0.09766666666666664
2596	0.09799999999999999
2597	0.09666666666666664
2598	0.09566666666666665
2599	0.09599999999999997
2600	0.09566666666666665
2601	0.09666666666666664
2602	0.09766666666666664
2603	0.0983333333333333
2604	0.09866666666666664
2605	0.09733333333333331
2606	0.09799999999999999
2607	0.09799999999999999
2608	0.0983333333333333
2609	0.09866666666666664
2610	0.09899999999999999
2611	0.09833333333333333
2612	0.09766666666666665
2613	0.09766666666666665
2614	0.09799999999999999
2615	0.09699999999999999
2616	0.09733333333333333
2617	0.09666666666666664
2618	0.09733333333333331
2619	0.09666666666666664
2620	0.09633333333333333
2621	0.09666666666666664
2622	0.09566666666666665
2623	0.09566666666666665
2624	0.09699999999999999
2625	0.09799999999999998
2626	0.09799999999999999
2627	0.09766666666666665
2628	0.09633333333333333
2629	0.09599999999999997
2630	0.09633333333333333
2631	0.09733333333333333
2632	0.09666666666666664
2633	0.09699999999999998
2634	0.09666666666666666
2635	0.096
2636	0.09666666666666664
2637	0.096
2638	0.09566666666666666
2639	0.09666666666666666
2640	0.09633333333333333
2641	0.09699999999999998
2642	0.09799999999999999
2643	0.09833333333333333
2644	0.09899999999999996
2645	0.09966666666666663
2646	0.09833333333333333
2647	0.09733333333333331
2648	0.09599999999999997
2649	0.09533333333333331
2650	0.09566666666666665
2651	0.09533333333333331
2652	0.09433333333333332
2653	0.09399999999999999
2654	0.09433333333333332
2655	0.09399999999999999
2656	0.09333333333333331
2657	0.09266666666666663
2658	0.09266666666666666
2659	0.09166666666666665
2660	0.09166666666666665
2661	0.09066666666666665
2662	0.09099999999999998
2663	0.09099999999999998
2664	0.08999999999999998
2665	0.08966666666666664
2666	0.08966666666666664
2667	0.09066666666666665
2668	0.09133333333333331
2669	0.0903333333333333
2670	0.09033333333333332
2671	0.09033333333333332
2672	0.08933333333333332
2673	0.08899999999999998
2674	0.08899999999999998
2675	0.09066666666666665
2676	0.09099999999999998
2677	0.09066666666666665
2678	0.08999999999999998
2679	0.08999999999999998
2680	0.09166666666666666
2681	0.09333333333333331
2682	0.0943333333333333
2683	0.0943333333333333
2684	0.0953333333333333
2685	0.09599999999999996
2686	0.09499999999999996
2687	0.09466666666666665
2688	0.0943333333333333
2689	0.09466666666666665
2690	0.09466666666666665
2691	0.09466666666666665
2692	0.09499999999999999
2693	0.09533333333333331
2694	0.09433333333333332
2695	0.09433333333333332
2696	0.09333333333333332
2697	0.09333333333333332
2698	0.09433333333333334
2699	0.09433333333333332
2700	0.09366666666666665
2701	0.09399999999999999
2702	0.09366666666666665
2703	0.09266666666666663
2704	0.09199999999999997
2705	0.09199999999999997
2706	0.091
2707	0.09133333333333331
2708	0.09099999999999998
2709	0.091
2710	0.09099999999999998
2711	0.09166666666666665
2712	0.09299999999999999
2713	0.09266666666666666
2714	0.09366666666666665
2715	0.09433333333333332
2716	0.09333333333333332
2717	0.09333333333333332
2718	0.09299999999999999
2719	0.09333333333333332
2720	0.09399999999999999
2721	0.09399999999999999
2722	0.09433333333333332
2723	0.09366666666666668
2724	0.09299999999999999
2725	0.09233333333333332
2726	0.092
2727	0.09166666666666665
2728	0.09233333333333332
2729	0.09299999999999999
2730	0.09233333333333332
2731	0.09199999999999997
2732	0.09333333333333332
2733	0.09299999999999999
2734	0.09333333333333332
2735	0.09399999999999997
2736	0.09333333333333332
2737	0.09299999999999999
2738	0.09399999999999999
2739	0.09399999999999997
2740	0.09499999999999999
2741	0.09399999999999999
2742	0.09433333333333332
2743	0.09399999999999997
2744	0.09366666666666665
2745	0.09233333333333332
2746	0.09266666666666666
2747	0.09266666666666666
2748	0.09299999999999997
2749	0.09399999999999999
2750	0.09433333333333332
2751	0.09499999999999996
2752	0.09533333333333331
2753	0.09533333333333331
2754	0.09466666666666665
2755	0.09433333333333332
2756	0.09433333333333334
2757	0.09366666666666665
2758	0.09433333333333334
2759	0.09399999999999999
2760	0.09366666666666665
2761	0.09366666666666665
2762	0.09266666666666663
2763	0.09266666666666663
2764	0.09266666666666663
2765	0.09266666666666666
2766	0.09099999999999998
2767	0.09133333333333332
2768	0.09066666666666665
2769	0.09066666666666666
2770	0.09099999999999998
2771	0.091
2772	0.09133333333333331
2773	0.09166666666666666
2774	0.09133333333333332
2775	0.08933333333333332
2776	0.08899999999999998
2777	0.08866666666666666
2778	0.08866666666666667
2779	0.08899999999999998
2780	0.08866666666666666
2781	0.0883333333333333
2782	0.08766666666666664
2783	0.0873333333333333
2784	0.0873333333333333
2785	0.08699999999999998
2786	0.087
2787	0.08699999999999998
2788	0.08699999999999998
2789	0.086
2790	0.08566666666666667
2791	0.085
2792	0.08433333333333332
2793	0.08366666666666665
2794	0.08433333333333333
2795	0.08399999999999999
2796	0.08466666666666667
2797	0.08533333333333332
2798	0.08533333333333333
2799	0.08399999999999999
2800	0.08399999999999999
2801	0.08333333333333331
2802	0.08299999999999998
2803	0.08233333333333331
2804	0.08299999999999998
2805	0.08299999999999999
2806	0.08333333333333331
2807	0.08366666666666664
2808	0.08366666666666664
2809	0.08366666666666665
2810	0.08333333333333331
2811	0.08299999999999998
2812	0.08233333333333333
2813	0.08199999999999998
2814	0.08199999999999998
2815	0.08133333333333331
2816	0.08199999999999999
2817	0.08166666666666667
2818	0.08199999999999998
2819	0.08233333333333333
2820	0.08166666666666664
2821	0.081
2822	0.08133333333333331
2823	0.08233333333333333
2824	0.08199999999999999
2825	0.08299999999999999
2826	0.08266666666666665
2827	0.08333333333333331
2828	0.08333333333333331
2829	0.08333333333333331
2830	0.08366666666666665
2831	0.08299999999999999
2832	0.08266666666666665
2833	0.08299999999999999
2834	0.08233333333333333
2835	0.08199999999999999
2836	0.08199999999999998
2837	0.08199999999999999
2838	0.081
2839	0.08033333333333331
2840	0.08033333333333331
2841	0.08033333333333333
2842	0.07933333333333333
2843	0.079
2844	0.07899999999999999
2845	0.07966666666666665
2846	0.07966666666666665
2847	0.07966666666666665
2848	0.07899999999999999
2849	0.07799999999999999
2850	0.07833333333333332
2851	0.07766666666666666
2852	0.07799999999999999
2853	0.07799999999999999
2854	0.07833333333333332
2855	0.07833333333333332
2856	0.079
2857	0.07966666666666666
2858	0.07933333333333333
2859	0.079
2860	0.07899999999999999
2861	0.07833333333333332
2862	0.07933333333333333
2863	0.07933333333333333
2864	0.07999999999999999
2865	0.07966666666666666
2866	0.08033333333333331
2867	0.07966666666666665
2868	0.07999999999999999
2869	0.08133333333333331
2870	0.08099999999999997
2871	0.08066666666666666
2872	0.08133333333333333
2873	0.08166666666666664
2874	0.08133333333333333
2875	0.08199999999999999
2876	0.08133333333333333
2877	0.081
2878	0.08166666666666667
2879	0.08166666666666667
2880	0.08033333333333331
2881	0.07899999999999999
2882	0.07833333333333332
2883	0.07799999999999999
2884	0.07733333333333331
2885	0.07733333333333332
2886	0.07733333333333331
2887	0.07666666666666665
2888	0.07699999999999999
2889	0.078
2890	0.07766666666666666
2891	0.07766666666666666
2892	0.07800000000000001
2893	0.07933333333333334
2894	0.07933333333333334
2895	0.07933333333333334
2896	0.079
2897	0.07866666666666665
2898	0.07866666666666665
2899	0.07899999999999999
2900	0.07966666666666665
2901	0.07999999999999999
2902	0.07966666666666666
2903	0.081
2904	0.081
2905	0.08199999999999999
2906	0.08199999999999999
2907	0.08133333333333333
2908	0.081
2909	0.08133333333333331
2910	0.08233333333333331
2911	0.08266666666666665
2912	0.08299999999999998
2913	0.08366666666666664
2914	0.08233333333333333
2915	0.08333333333333331
2916	0.0833333333333333
2917	0.08366666666666665
2918	0.08333333333333331
2919	0.08266666666666665
2920	0.0833333333333333
2921	0.08299999999999999
2922	0.08266666666666665
2923	0.08266666666666665
2924	0.08266666666666665
2925	0.08166666666666664
2926	0.08233333333333333
2927	0.08166666666666667
2928	0.08133333333333333
2929	0.08066666666666665
2930	0.08066666666666665
2931	0.08033333333333333
2932	0.07966666666666665
2933	0.07999999999999999
2934	0.08033333333333333
2935	0.07999999999999999
2936	0.07933333333333333
2937	0.07966666666666665
2938	0.08066666666666665
2939	0.081
2940	0.08033333333333333
2941	0.08033333333333333
2942	0.08099999999999997
2943	0.08099999999999997
2944	0.08133333333333333
2945	0.08066666666666666
2946	0.08033333333333333
2947	0.07999999999999999
2948	0.07966666666666665
2949	0.08066666666666665
2950	0.079
2951	0.08
2952	0.08033333333333333
2953	0.08033333333333333
2954	0.08033333333333333
2955	0.081
2956	0.08166666666666664
2957	0.08266666666666664
2958	0.08366666666666664
2959	0.08399999999999999
2960	0.08366666666666665
2961	0.08399999999999996
2962	0.08366666666666665
2963	0.08299999999999999
2964	0.08233333333333333
2965	0.08299999999999999
2966	0.08333333333333331
2967	0.08266666666666665
2968	0.08266666666666665
2969	0.08266666666666665
2970	0.08233333333333331
2971	0.08266666666666665
2972	0.08199999999999999
2973	0.081
2974	0.08099999999999997
2975	0.081
2976	0.08166666666666667
2977	0.08233333333333333
2978	0.08266666666666664
2979	0.08199999999999998
2980	0.08299999999999999
2981	0.08333333333333331
2982	0.08433333333333332
2983	0.08466666666666665
2984	0.08533333333333332
2985	0.08533333333333332
2986	0.08666666666666664
2987	0.08866666666666663
2988	0.0883333333333333
2989	0.0883333333333333
2990	0.08866666666666666
2991	0.08866666666666666
2992	0.08766666666666666
2993	0.08699999999999998
2994	0.086
2995	0.08633333333333332
2996	0.086
2997	0.08633333333333332
2998	0.08566666666666664
2999	0.08499999999999998