0	4.778687469090274
1	5.339955808483745
2	5.3712415032150185
3	5.2056605711784245
4	5.023384497736785
5	4.7561670407994585
6	4.612998896619903
7	4.591785907493955
8	4.618260408242149
9	4.493202396824477
10	4.396607036051356
11	4.295729459348
12	4.176326693370711
13	4.100381405762151
14	4.050738440856965
15	4.005833658496008
16	3.9358309708851826
17	4.156254865074924
18	4.099121406102211
19	4.163135196260092
20	4.12403871198603
21	4.066565735233994
22	4.0374756903760245
23	3.99244150977907
24	3.9815989562659992
25	3.9289460376413134
26	3.954984792157097
27	4.0556493635961095
28	4.032332443343579
29	4.017082772530954
30	4.007856384880738
31	3.981658621489112
32	3.960128269277453
33	4.009543664516143
34	4.012859304550323
35	4.004648941744681
36	4.014051555698639
37	4.035218078163099
38	4.0019231633713455
39	4.034997835663233
40	4.019922245780781
41	4.014671687430616
42	4.01921271329414
43	4.020673129528493
44	4.037431266768161
45	4.039870560451877
46	4.050825205534579
47	4.090023090911455
48	4.083109683854611
49	4.087401184378234
50	4.097849137839376
51	4.0941171839621635
52	4.1050092915015695
53	4.187462995217723
54	4.167784639318585
55	4.178065342906583
56	4.272288518820335
57	4.260238017847214
58	4.266398346871548
59	4.287586871855244
60	4.292727599924857
61	4.284827398140878
62	4.3060430620056565
63	4.3004556793159106
64	4.28850965424429
65	4.314916997827992
66	4.325574965181102
67	4.313154813089771
68	4.309373789207072
69	4.319872815041737
70	4.312634891035472
71	4.310095898058068
72	4.347265101738448
73	4.333758048262713
74	4.350576211622532
75	4.3990289853792115
76	4.386987517009201
77	4.401998754958957
78	4.435957156237159
79	4.435315004738623
80	4.419639722321217
81	4.4028106457372065
82	4.39887207184861
83	4.394423053364878
84	4.3895583489642815
85	4.38395104270316
86	4.373672003498126
87	4.371182999082775
88	4.374998660772843
89	4.367732723815459
90	4.371067655601444
91	4.363923416082983
92	4.367421909350833
93	4.360591247268947
94	4.349365076561123
95	4.3476283284790505
96	4.33985475917743
97	4.332355874757722
98	4.330603561684034
99	4.026937440459943
100	4.012689618375005
101	4.007620878959976
102	4.021553541106227
103	4.029750973689944
104	4.007563926352898
105	4.043071998942617
106	4.037308945674311
107	4.016778050450444
108	4.003569467571701
109	4.005073808905829
110	3.9805968523882074
111	3.969886407340078
112	3.9661811314751936
113	3.970462591987968
114	3.9784116111741903
115	3.9668959283118443
116	3.964112178703138
117	3.9507731981095784
118	3.9351590993626084
119	3.925337999019502
120	3.9286074284797348
121	3.9193930704309348
122	3.897779718260074
123	3.879998416623621
124	3.866737591503767
125	3.8417609178438346
126	3.8175901993086354
127	3.759981578634322
128	3.732917440129523
129	3.7178707610414987
130	3.7043934190057715
131	3.6670803716606293
132	3.654169163331614
133	3.662502345311325
134	3.655193817187842
135	3.625200858117055
136	3.613269463995598
137	3.5977899259539714
138	3.56130298589707
139	3.5385783539001876
140	3.5040082347302004
141	3.5095028351675404
142	3.473482613183381
143	3.41277069913383
144	3.424755582554924
145	3.461062339150398
146	3.4652470308783054
147	3.4761365416937986
148	3.4819276507479433
149	3.474080903392074
150	3.468916493127007
151	3.4716651960565073
152	3.4658329316692043
153	3.4680857926409043
154	3.4711023809092327
155	3.4740305004022902
156	3.4647033775420666
157	3.4515551461445435
158	3.431815784861947
159	3.422729710124611
160	3.4159172016575514
161	3.419234749575025
162	3.415782035081451
163	3.4036201827829498
164	3.4196988975840554
165	3.4028275086954154
166	3.3923321336236767
167	3.3942312311044165
168	3.4013560449066045
169	3.3838847567267103
170	3.3797700222885143
171	3.3824935426481773
172	3.388530462907892
173	3.3858522567278935
174	3.383452070132123
175	3.3752003388296905
176	3.3822880024389974
177	3.3765809030034344
178	3.362117334313171
179	3.3571953839952067
180	3.3553944961765505
181	3.3661339109010076
182	3.364204213735052
183	3.3600752213943754
184	3.369012585922307
185	3.3697572235183153
186	3.370406942807969
187	3.3789363923491376
188	3.3691518597835715
189	3.3756403975688314
190	3.37809692866368
191	3.379982968862966
192	3.3671340208520197
193	3.3592550255034284
194	3.363703641169406
195	3.3763409911986386
196	3.3701622696749367
197	3.3721197058728856
198	3.3754780983949453
199	3.3782742037039886
200	3.3940302157268474
201	3.3916506713978873
202	3.3806817406794414
203	3.372525803533526
204	3.3747712739826197
205	3.3524990812720556
206	3.360657203395246
207	3.3585156780476173
208	3.3426477318165366
209	3.3372002648118406
210	3.33801200050618
211	3.3386662954389217
212	3.3323977665872415
213	3.3508000604253865
214	3.3465751985741368
215	3.327985527111773
216	3.3136797903379622
217	3.299960429105682
218	3.307677434355155
219	3.296276804451719
220	3.2759808721359196
221	3.2734110389200977
222	3.274262692121657
223	3.2673398945331114
224	3.252751837452762
225	3.2713260994962083
226	3.272134713049136
227	3.2769938578431477
228	3.271317657618676
229	3.2688010097472255
230	3.2661736060346507
231	3.268510957847582
232	3.2629619233250837
233	3.2619849505704583
234	3.2628788526680497
235	3.2612779974737416
236	3.259464154644732
237	3.2581773306499104
238	3.2667770460240315
239	3.284189685245826
240	3.3015120500387747
241	3.3012316606779257
242	3.3046872747648024
243	3.285036991510816
244	3.2629233725761195
245	3.2243965854367618
246	3.2255808634671483
247	3.205919760191806
248	3.211481207403428
249	3.2178392546590002
250	3.2168911581214843
251	3.218496034361557
252	3.222850924132651
253	3.213202813200089
254	3.228578151722291
255	3.2348127780003892
256	3.2276232506241858
257	3.2301738533545206
258	3.22667844924846
259	3.2223124937344294
260	3.223681978024648
261	3.2227481234757787
262	3.2188899281663326
263	3.2268828117273496
264	3.220852575048793
265	3.2329702935198004
266	3.2344233488264633
267	3.2374960597138442
268	3.2201236102088244
269	3.2273239152161595
270	3.223870793982596
271	3.216203844243125
272	3.212377490981645
273	3.2271887559331476
274	3.226182789916803
275	3.2134178623041625
276	3.236242491308572
277	3.2459726333193704
278	3.228453406033132
279	3.233139992788738
280	3.2316703574854535
281	3.2204557506509954
282	3.225955632527777
283	3.225657110124766
284	3.216088023266362
285	3.2112796064138283
286	3.205071446837732
287	3.1896583499592337
288	3.1939830235203823
289	3.177766172428498
290	3.1751636492263446
291	3.1734646583120645
292	3.176239631500609
293	3.1740488467279167
294	3.18875266568796
295	3.1797487229726253
296	3.187640505914089
297	3.1880034123245338
298	3.1764173990805005
299	3.192686889117035
300	3.1768650682141977
301	3.1821030948234377
302	3.187916339010428
303	3.185979942802448
304	3.1822168961727377
305	3.184498249084743
306	3.17773701856851
307	3.182556501507743
308	3.1900445573894918
309	3.206357980389838
310	3.2121563564835687
311	3.2275056882764366
312	3.224888488976326
313	3.2042616940324593
314	3.2045925702415894
315	3.215620491408431
316	3.224898800712006
317	3.2275644168532582
318	3.2444258784437836
319	3.2451825149902196
320	3.2447888596869854
321	3.2423098724366985
322	3.2334607444234233
323	3.2358074690963736
324	3.229803103645584
325	3.208512263536991
326	3.212894525313218
327	3.233166564483632
328	3.235119888756743
329	3.2276380693289597
330	3.225177524385688
331	3.2353982422630243
332	3.2493510095815723
333	3.2525241398702045
334	3.2527591393368036
335	3.256111814351414
336	3.261085127494801
337	3.2814813749238296
338	3.279575957033358
339	3.278366742591529
340	3.253703902888719
341	3.246290258109236
342	3.2407676795283322
343	3.249638652496761
344	3.2545044070328326
345	3.259167931122049
346	3.255093885861814
347	3.253134409024428
348	3.2638881592716222
349	3.261704048351208
350	3.269186308331755
351	3.26525909643135
352	3.2677384090171846
353	3.2683103407198346
354	3.26016228625302
355	3.253097170872954
356	3.2532027601810833
357	3.2463255553635535
358	3.2511652749564663
359	3.2513947147319717
360	3.2597457861420156
361	3.263596460511609
362	3.2641373248025563
363	3.2624593508329705
364	3.270996449895223
365	3.2633838506010986
366	3.2662682671322965
367	3.269823496223211
368	3.269391615250288
369	3.2745307346071715
370	3.274219145265704
371	3.2722909105598004
372	3.2785550784678117
373	3.2804785945596695
374	3.280687603141072
375	3.2910786146341966
376	3.2788609474777926
377	3.2687972977249355
378	3.2838958690987794
379	3.2877773238936103
380	3.3056792137333124
381	3.3089425386730866
382	3.321505114784041
383	3.320787714389182
384	3.337440419602361
385	3.3471998914825414
386	3.3744750108817962
387	3.381984570600218
388	3.3834337882348504
389	3.3931988256523877
390	3.390131515870212
391	3.3952314625865108
392	3.39406743053762
393	3.3941836763005133
394	3.3867795157033185
395	3.3871405296044
396	3.3808042777134246
397	3.3927757107151666
398	3.405261584188217
399	3.3966727032987234
400	3.411997910529942
401	3.406830952350398
402	3.414470789654291
403	3.4215260864233565
404	3.4220208778731447
405	3.4171202963891973
406	3.413147814379862
407	3.4109352760518163
408	3.4127125299244225
409	3.4182343589635686
410	3.414594576135564
411	3.4010797302124374
412	3.4073492098034563
413	3.4112842332035878
414	3.4089125064780155
415	3.4119256475473607
416	3.4052392633521844
417	3.4109721729693816
418	3.3988450778004977
419	3.397952009980723
420	3.410057306270642
421	3.4108614048244084
422	3.415858432034624
423	3.416960102354754
424	3.4221405698208205
425	3.4296520751150563
426	3.425995729407746
427	3.411980892713166
428	3.4107476461613966
429	3.4239940127227304
430	3.4431313450447973
431	3.4465135369726654
432	3.4405948818580248
433	3.4309489940753326
434	3.4305624887334223
435	3.4354910953623983
436	3.426310579801448
437	3.399962013041246
438	3.4120693267975524
439	3.4076312907348085
440	3.4137054710732824
441	3.401267028590113
442	3.411583251976002
443	3.3997330592929016
444	3.4074474155151417
445	3.4107147802953977
446	3.4193895065913655
447	3.423910557365373
448	3.4143373892416466
449	3.4210423827012724
450	3.4202714909351837
451	3.423875289921565
452	3.425598910268471
453	3.4304731162271764
454	3.423411537679816
455	3.427894248548675
456	3.4287690357619978
457	3.437321525665762
458	3.431488417446416
459	3.431333859811141
460	3.4239609612322495
461	3.4211393435874906
462	3.4231334057304275
463	3.435962992504803
464	3.4307459514312337
465	3.4422765350680935
466	3.4474567696001803
467	3.4454894979357396
468	3.438114730513715
469	3.4269461131336216
470	3.4262173129045963
471	3.4295691134696105
472	3.4255744481400114
473	3.4246017228674313
474	3.4190312401898457
475	3.4270000578188218
476	3.4286645000217084
477	3.4292070604726153
478	3.4298312974784375
479	3.4360894125372448
480	3.424437817629347
481	3.42731096806572
482	3.410063626154141
483	3.4130912368020976
484	3.4036136432270365
485	3.3918424029566
486	3.3919630118445285
487	3.398276260341245
488	3.398665129933245
489	3.3992214827664777
490	3.4000797460347134
491	3.4069264373843873
492	3.4044895578498693
493	3.411256887532189
494	3.4103520847422666
495	3.409731456205024
496	3.410794213139639
497	3.4065811816426845
498	3.39559017757498
499	3.4048426137204575
500	3.392000967825128
501	3.4013163391816925
502	3.3965202971097765
503	3.398244737530169
504	3.416805496113582
505	3.4247299288426674
506	3.432008884611121
507	3.4324001931886983
508	3.431849817672853
509	3.4138555382011044
510	3.4198237239346905
511	3.425762380160358
512	3.4184077664586856
513	3.414337554302806
514	3.4164704495814275
515	3.3979931718825123
516	3.4083205032199686
517	3.4105990366937937
518	3.4074631319244437
519	3.419085409738737
520	3.412349486211812
521	3.428999651650034
522	3.4308058531101673
523	3.438936387381898
524	3.436015054989909
525	3.4290723687170925
526	3.440563362963201
527	3.4372087306972867
528	3.4432476099523117
529	3.442880442325323
530	3.427322284322914
531	3.4416266413188197
532	3.4258405197295407
533	3.4320510102206856
534	3.4325204615499816
535	3.4337510957386854
536	3.427858203182952
537	3.43249811035315
538	3.4404075507728757
539	3.4358872092547554
540	3.435205029583175
541	3.451770739234874
542	3.449569109013935
543	3.4546038246331974
544	3.4590867788114115
545	3.468253290292644
546	3.4646935653616344
547	3.467423623458139
548	3.5432791510163724
549	3.536932731169803
550	3.54442778048197
551	3.5333279160283806
552	3.523592219971653
553	3.5377564394113707
554	3.5532454719241997
555	3.554210794428357
556	3.5573367883226843
557	3.556926959050888
558	3.561148808923889
559	3.562990843067346
560	3.564613198828066
561	3.5583070264858256
562	3.5566597713541697
563	3.5536005957806793
564	3.5557783651779418
565	3.5454500485728855
566	3.53470631460715
567	3.535305034547061
568	3.545027939869068
569	3.5377358734674496
570	3.5422647465042685
571	3.553957776759538
572	3.549681811469768
573	3.5492700318694372
574	3.554319391179353
575	3.5463233449771443
576	3.5430365938091612
577	3.545738990648375
578	3.5403234612595047
579	3.538582366134268
580	3.5286185145200384
581	3.520253158039611
582	3.526718826571872
583	3.5236896539831597
584	3.5234384781998638
585	3.522001029344649
586	3.513325798903588
587	3.4990907919563807
588	3.488682515878095
589	3.4873383826574327
590	3.504135879890744
591	3.495646569659654
592	3.4979208284914214
593	3.486530111417567
594	3.4800973349617155
595	3.47962404867714
596	3.4795057616113225
597	3.4789839545340486
598	3.483851424531394
599	3.489615106289123
600	3.48196023789531
601	3.470847190855617
602	3.4690298331385234
603	3.457537303469271
604	3.445927428428613
605	3.4551359875044607
606	3.4633663777738866
607	3.475811920469487
608	3.4872383409473144
609	3.4925913422652326
610	3.4881591207227944
611	3.489928545667005
612	3.496997936002191
613	3.5154884581994947
614	3.5135831035943967
615	3.5158124208404056
616	3.505515905305444
617	3.496690420157063
618	3.5013596272744687
619	3.493582920181573
620	3.501660465445125
621	3.4808822141297537
622	3.4756547283485135
623	3.471336809058052
624	3.4789008647642836
625	3.4875446062147977
626	3.475844165544465
627	3.494725083935234
628	3.4893219894511636
629	3.495934175648198
630	3.5105087644911133
631	3.4948718589482084
632	3.5021507174961473
633	3.5039438553961832
634	3.4986230126639795
635	3.5079461876108775
636	3.5085571909456967
637	3.511326297797467
638	3.492650174605615
639	3.4875481818002796
640	3.4955732303615314
641	3.492874602043153
642	3.5127485292863865
643	3.5225792293635623
644	3.5111760800549527
645	3.4985387025609826
646	3.492912846844098
647	3.490100838521947
648	3.477023618097263
649	3.481053387312488
650	3.4725138849368187
651	3.4767829100176697
652	3.4774024751897383
653	3.464596807345246
654	3.4568426198053404
655	3.457777565378175
656	3.4559411815748233
657	3.4534662640938794
658	3.4529413214438596
659	3.459077294432188
660	3.4606419179665293
661	3.467955917014812
662	3.469064661699098
663	3.476613851016146
664	3.4703589899918885
665	3.463791024064659
666	3.4804078330599677
667	3.478696079269627
668	3.4638304021476176
669	3.4733206085767807
670	3.488146289611073
671	3.4783442934546502
672	3.4918215786948372
673	3.496504905333103
674	3.501131902745485
675	3.4921125995576996
676	3.5113387043686064
677	3.5139264043705603
678	3.518500375684475
679	3.507053534207182
680	3.5096298119584812
681	3.5270857884285998
682	3.517012959085269
683	3.5190208426588514
684	3.517832281360921
685	3.5205179933852753
686	3.534619727843858
687	3.5298835705717844
688	3.540851712720419
689	3.535171828997063
690	3.531137597512118
691	3.5282402704918003
692	3.5191339358479112
693	3.53901743564753
694	3.548573884329398
695	3.555273993792649
696	3.5778319293138807
697	3.583624037548546
698	3.579381340922809
699	3.567208847690898
700	3.571271923927289
701	3.569014105180567
702	3.5799590619600385
703	3.57748605440102
704	3.5737569955322526
705	3.5720893795461817
706	3.5747771279492673
707	3.571534168536391
708	3.5540425501905486
709	3.566844254567377
710	3.5691791880009682
711	3.5564066347977223
712	3.5531378219924177
713	3.5425776239496733
714	3.5454833988592753
715	3.5489197486325255
716	3.5566538690896823
717	3.5637750302178537
718	3.5583920265414593
719	3.550602502803038
720	3.5388155195118918
721	3.5545039803222336
722	3.5593225492252984
723	3.5533827599235566
724	3.5647020191591
725	3.5671968317452682
726	3.565689501327576
727	3.54931092772616
728	3.558048955413544
729	3.552416529804852
730	3.5398433841332837
731	3.5381220112586105
732	3.535314481374508
733	3.550095034677821
734	3.5516846848863968
735	3.569941316279005
736	3.571981337535581
737	3.569012781959455
738	3.5819122606717406
739	3.5939022403255363
740	3.5949242475326586
741	3.5970452428580026
742	3.6138403501240663
743	3.601276901610862
744	3.627933703349355
745	3.638786354328069
746	3.653159145553621
747	3.6512987019170793
748	3.652908994710989
749	3.642112462382545
750	3.6483610866684777
751	3.641834146223383
752	3.6431502380925935
753	3.637809701172706
754	3.6274111194599423
755	3.6365018916078977
756	3.6395676989264754
757	3.6439378760394447
758	3.6408334931445117
759	3.6266961118542107
760	3.629032494313303
761	3.66542942512878
762	3.657886313767262
763	3.6509555634124005
764	3.6557563292363677
765	3.6733600320900996
766	3.6662315695082057
767	3.667658639569447
768	3.679212848748685
769	3.6821822453496376
770	3.6760647894780423
771	3.6756794530332053
772	3.668846385569834
773	3.678967904106105
774	3.6810622595800595
775	3.6860971351657503
776	3.665886178004131
777	3.6691574158253433
778	3.6636037485867066
779	3.6700489200883903
780	3.6663577934863127
781	3.6454129053465185
782	3.6506167865279076
783	3.6536203338265194
784	3.6559892873505766
785	3.6542529706008517
786	3.6587355314147243
787	3.657657220998254
788	3.64999369844557
789	3.6546936893144344
790	3.651561304458102
791	3.6739594571278733
792	3.6822901904931102
793	3.68500732086042
794	3.6830512324534577
795	3.679776793814825
796	3.678027211488572
797	3.66741671212062
798	3.666937355293291
799	3.6693413846681655
800	3.662626280220081
801	3.6869452493498907
802	3.6867693656733014
803	3.6850406488575413
804	3.6858300144238276
805	3.680506279608328
806	3.666837734053706
807	3.661604132432935
808	3.672057802225699
809	3.666904250080698
810	3.678935660947544
811	3.6818435510540897
812	3.6927283654375667
813	3.6966103015374694
814	3.7024494545031477
815	3.710031185778671
816	3.7108973918529236
817	3.7240289146300243
818	3.7193036934082713
819	3.7358226823120995
820	3.739722192736176
821	3.7348260953318855
822	3.7346758234473616
823	3.7605501753383668
824	3.7513210864896407
825	3.7492597346195207
826	3.746465080706782
827	3.763871719214916
828	3.754632620645713
829	3.7583680793949137
830	3.766539818109666
831	3.766387449388026
832	3.770238002254773
833	3.764518667507111
834	3.763542291017454
835	3.7457174240506967
836	3.7545594766024655
837	3.7423711048544823
838	3.736339437352205
839	3.7395537334571944
840	3.7537880585130043
841	3.764246116357508
842	3.771243751084253
843	3.7819503713149656
844	3.770496464019435
845	3.7690893331553297
846	3.7614301506446837
847	3.761207922174155
848	3.7663139508986663
849	3.7863584589288046
850	3.787460359585607
851	3.7914625837294422
852	3.7972231638437295
853	3.809070056170157
854	3.811708523239247
855	3.8054814047690133
856	3.8011898914630944
857	3.799972337087879
858	3.8064123908632066
859	3.8288979930985567
860	3.831909682114408
861	3.805098672772232
862	3.813795603315741
863	3.8107013661071054
864	3.809002923715331
865	3.8021871360282793
866	3.7917135188239515
867	3.7978741824277296
868	3.7824213078369686
869	3.783262821495702
870	3.7715765296494737
871	3.785318434982086
872	3.7934837525564316
873	3.7773240816527798
874	3.7716995794127075
875	3.7725373815319583
876	3.769235591962091
877	3.7529985865970037
878	3.792607501895351
879	3.7946319905145596
880	3.7975484764660643
881	3.800795250211222
882	3.8000843115126153
883	3.7970259948675418
884	3.8133737958144187
885	3.819198104396064
886	3.8076948613435766
887	3.8150361573888665
888	3.8204802098135326
889	3.8246958414227974
890	3.825989435068071
891	3.8128155984965235
892	3.819153236599095
893	3.835505336972986
894	3.8429525683787498
895	3.8485044150947356
896	3.8448249514703234
897	3.8413297687796955
898	3.8421336611283388
899	3.8455365552470195
900	3.850095178152989
901	3.8454234334232766
902	3.8557736308044257
903	3.8577720728135505
904	3.853061071452291
905	3.8618001766037526
906	3.8693714883737362
907	3.8779846568708445
908	3.891427194360864
909	3.8903204141395067
910	3.8748203859389148
911	3.8756331523409115
912	3.8699363067125416
913	3.868080293437396
914	3.8721606270174034
915	3.8737436953485824
916	3.878385293062418
917	3.8588882871864567
918	3.8846067013860117
919	3.8717270868031575
920	3.8745645687141765
921	3.8656378618249767
922	3.872121149992044
923	3.8572491478191524
924	3.85567898305782
925	3.878838975981025
926	3.886088469505436
927	3.8796443902460114
928	3.88378431433914
929	3.882744189109473
930	3.8747864101814318
931	3.876880566426253
932	3.8769612540243346
933	3.8638083766967597
934	3.8704022309334296
935	3.868190690098138
936	3.8663276250234855
937	3.8694891073759425
938	3.866463071223821
939	3.8514281378241413
940	3.848431957407921
941	3.8409992326548017
942	3.8293308296442783
943	3.820187842158556
944	3.8270916364962715
945	3.826756586006314
946	3.8313694977713633
947	3.8335003414312263
948	3.813902083830371
949	3.8000580672981816
950	3.8096817772522305
951	3.8060273564053566
952	3.8148147420934824
953	3.8017726719313076
954	3.8054002434429246
955	3.8359004934682575
956	3.842677386260108
957	3.8494020653997643
958	3.839936925401602
959	3.8188344078055025
960	3.8086134288343887
961	3.8244061208519704
962	3.820754026521442
963	3.8213611856123566
964	3.830897743005841
965	3.832555518940313
966	3.8345071865741596
967	3.8480800602574283
968	3.839360959294756
969	3.851434922452014
970	3.8618848594166115
971	3.8597949308377926
972	3.856114143733514
973	3.867965978464622
974	3.8706749953985478
975	3.8783826110413178
976	3.884705112656619
977	3.897575914651458
978	3.8784953478297255
979	3.871479639609232
980	3.874705390772115
981	3.8857268213531837
982	3.8856041639571512
983	3.890754533733322
984	3.880202900434128
985	3.884002836280318
986	3.8875962430885798
987	3.891327345374422
988	3.894215416828149
989	3.885444477737845
990	3.882707827087761
991	3.8846138471928087
992	3.8788595578929663
993	3.860162434305742
994	3.852724626745583
995	3.857382549758805
996	3.8577400800220714
997	3.8639635250803863
998	3.862205796248188
999	3.877148543193554
1000	3.8777336934295494
1001	3.8750924440086063
1002	3.8546489151332484
1003	3.8521580906865855
1004	3.856437370149655
1005	3.8625947072006275
1006	3.8758491604851795
1007	3.867776262874893
1008	3.8498044100440816
1009	3.8381233918932267
1010	3.8648644750451258
1011	3.8735411473039383
1012	3.866370969844895
1013	3.881388595204888
1014	3.8749728730665853
1015	3.8644161758962543
1016	3.876867969585039
1017	3.8880500881944386
1018	3.8765595425222257
1019	3.8685165178567766
1020	3.876991254132251
1021	3.8838860860996145
1022	3.877830483756602
1023	3.8909564008286335
1024	3.8919493336644546
1025	3.8851891202043594
1026	3.90067310766703
1027	3.8925014662425554
1028	3.8838429535077936
1029	3.8841609757141438
1030	3.881724358852109
1031	3.87360416059483
1032	3.8715889575584734
1033	3.886305585592731
1034	3.877164463889575
1035	3.885523541121707
1036	3.898636286877469
1037	3.89102371181546
1038	3.9018470544329498
1039	3.9097294383522407
1040	3.9159962301497924
1041	3.914376766624441
1042	3.9085012358167774
1043	3.9089562752940927
1044	3.926629886100588
1045	3.9244367421916646
1046	3.9322724763849055
1047	3.926582116953595
1048	3.925934867659655
1049	3.9236228548734786
1050	3.9341431511275076
1051	3.936806186937182
1052	3.929860000014417
1053	3.9408224064235653
1054	3.9492896871755487
1055	3.92637293853298
1056	3.934081536763514
1057	3.9297165500632425
1058	3.9420816802150016
1059	3.9538807367954942
1060	3.953537944443293
1061	3.9576201003994167
1062	3.966058628321191
1063	3.969189010083936
1064	3.9656180732140895
1065	3.97709180076835
1066	3.9769520939006044
1067	3.967310388779583
1068	3.9691640072661047
1069	3.9522405729367636
1070	3.9638377809721486
1071	3.9613625916381197
1072	3.969582742482173
1073	3.9651617363276173
1074	3.961472577277
1075	3.949015595012622
1076	3.9506201343274827
1077	3.9483707461434436
1078	3.9467770400113484
1079	3.9603849243254228
1080	3.9631389119756264
1081	3.957998282565151
1082	3.9694202665481573
1083	3.9691665309832773
1084	3.9842342021343433
1085	3.97208942958252
1086	3.9756303960288375
1087	3.9700805517379174
1088	3.9656212918334717
1089	3.9683159356165136
1090	3.9656279618673
1091	3.9706196762551267
1092	3.97201586243422
1093	3.97045625201722
1094	3.964838884858268
1095	3.967783162998066
1096	3.9820970682925303
1097	3.98426251100796
1098	3.992903727692762
1099	3.9908803922151344
1100	4.001428485460601
1101	3.997377186984126
1102	3.9971892566120997
1103	4.0044033619710895
1104	4.025542344652275
1105	4.016969734707642
1106	4.008250687708989
1107	4.017418076243955
1108	4.016101388700528
1109	4.01642570208184
1110	3.9919058130692706
1111	3.978995646139245
1112	4.005064042969293
1113	3.9917289564665555
1114	3.997556499611183
1115	4.009229490632356
1116	4.013438467139485
1117	4.002058681130372
1118	4.000109854420071
1119	4.015550031567838
1120	4.00941841024959
1121	4.007373428495341
1122	4.010947829165655
1123	4.008366237335805
1124	4.013300361394426
1125	4.006593960929405
1126	3.9889019748375976
1127	4.002057630023612
1128	4.010244674017087
1129	4.023233778952048
1130	4.020242414832029
1131	4.025710888354469
1132	4.019649368342136
1133	4.0182437559614765
1134	4.024428532324635
1135	4.032987034276767
1136	4.04300072130673
1137	4.041110117100337
1138	4.0562679812218
1139	4.056151659761488
1140	4.043022964118735
1141	4.043473408013375
1142	4.047461262241168
1143	4.056832135018188
1144	4.031916366084828
1145	4.036095795552506
1146	4.031576304364128
1147	4.048171514528069
1148	4.041736406316427
1149	4.04858449431968
1150	4.04608238756732
1151	4.0450500735365456
1152	4.052290614001304
1153	4.04130595180871
1154	4.029906337432146
1155	4.030035755624495
1156	4.014274197206333
1157	4.013425145466657
1158	4.013980914584617
1159	4.0039251490611765
1160	4.004453995481055
1161	3.987507019328571
1162	3.9887504430029335
1163	4.00294901673795
1164	4.006154486329311
1165	3.9983253645607513
1166	4.000384449658373
1167	3.996423507454714
1168	3.9950254705340495
1169	3.98927068369454
1170	3.9767248488423537
1171	3.9863775654822975
1172	3.9775373309297075
1173	3.968440645461044
1174	3.972117569921492
1175	3.9678296918060827
1176	3.9658517871876784
1177	3.9637609356144434
1178	3.9629036400044186
1179	3.9519579787705994
1180	3.949755455120503
1181	3.962216465323218
1182	3.94999644793954
1183	3.9535871021561806
1184	3.9305236093544016
1185	3.9362889667431955
1186	3.9367090981742026
1187	3.9326925656178107
1188	3.9456195691893394
1189	3.9631440114331684
1190	3.966381216362307
1191	3.956356179440998
1192	3.962171195862999
1193	3.9818548939513168
1194	4.000187315761994
1195	3.995940489225592
1196	3.9904841481045374
1197	3.9823690425078246
1198	3.9787562814579056
1199	3.990121306006768
1200	3.9831012946625965
1201	3.9794397549232996
1202	3.983166860618336
1203	3.9798708137253485
1204	3.9618653509707302
1205	3.96349299784752
1206	3.967331176253394
1207	3.955323265929563
1208	3.957562817108027
1209	3.9604348978434505
1210	3.9708113617974186
1211	3.973531992659192
1212	3.9464985367571694
1213	3.958615388184967
1214	3.97621784390945
1215	3.9644879723397213
1216	3.9569215169077103
1217	3.966268942252486
1218	3.982115686247195
1219	3.9746629577978045
1220	3.9715522342230734
1221	3.974547505921097
1222	3.9787970354524327
1223	3.9776034982244566
1224	3.9685533118726055
1225	3.962662060859857
1226	3.969884180075609
1227	3.961434654318088
1228	3.9682469117717094
1229	3.960140479744107
1230	3.972113970883648
1231	3.982545429066784
1232	3.989038963612525
1233	3.9902276636506233
1234	3.9911262598224813
1235	3.976448849353273
1236	3.9378122342461657
1237	3.9400615676202615
1238	3.921144685031849
1239	3.9178233895316033
1240	3.9182270952388287
1241	3.916887795980265
1242	3.9316577267757555
1243	3.936955589021282
1244	3.935557654739958
1245	3.9465129933938194
1246	3.94128011813951
1247	3.9239537490084375
1248	3.9452258481174436
1249	3.942503536762165
1250	3.9304564799900277
1251	3.9274460651495557
1252	3.9339658809030427
1253	3.9526554320410634
1254	3.9657618652482225
1255	3.9675850896193463
1256	3.9668242085588306
1257	3.9883063664389393
1258	3.979625716126935
1259	3.9769242724228344
1260	3.980685922143569
1261	3.972094036855022
1262	3.981101387497268
1263	3.9635415047663782
1264	3.9613072253357497
1265	3.962689061993117
1266	3.963197203776598
1267	3.9599882634605015
1268	3.9608059548188184
1269	3.9611905865039767
1270	3.9616943181631488
1271	3.9496754517562995
1272	3.961004610464191
1273	3.970557068210348
1274	3.965065862049416
1275	3.96454745682415
1276	3.968815545168411
1277	3.9652429405074416
1278	3.9702485550353273
1279	3.9686848000867396
1280	3.964748164446149
1281	3.958749835931706
1282	3.9698720713887616
1283	3.960934248978609
1284	3.966990987617486
1285	3.9802461437540417
1286	3.9791521930888445
1287	3.9771452907712694
1288	3.9752675980914756
1289	3.9559045377409467
1290	3.9627188854734245
1291	3.9738749350172426
1292	3.982399855953142
1293	3.9916824149137815
1294	3.9864624269924467
1295	3.984419758285716
1296	3.978343036590531
1297	3.9819067086078643
1298	3.985206577701818
1299	3.960102757611599
1300	3.96037467363054
1301	3.987064139661864
1302	3.989869875382975
1303	3.983754433544607
1304	3.9851662061637474
1305	3.984497901297124
1306	3.989187831090205
1307	3.9872174641521343
1308	3.9800160272752922
1309	3.971645200286166
1310	3.968583142140693
1311	3.976255112057942
1312	3.9856087629754096
1313	3.981837844064474
1314	3.978188424747266
1315	3.983478452646159
1316	3.984381233944707
1317	3.977164047476328
1318	3.9654643843459567
1319	3.959436627171327
1320	3.9540447184712852
1321	3.9519695418975513
1322	3.95122496175236
1323	3.9501744003408987
1324	3.9508433864129398
1325	3.9595044139838578
1326	3.9638854385629054
1327	3.971022519294166
1328	3.9579842871273834
1329	3.955871720651426
1330	3.969548706725248
1331	3.959806073115267
1332	3.9637428245343456
1333	3.9606043505860717
1334	3.9587196639244975
1335	3.9597098059823206
1336	3.9724578997274316
1337	3.974155825879051
1338	3.9696354804479426
1339	3.9771213710103015
1340	3.984625333638322
1341	3.9736643432041925
1342	3.9996760913747003
1343	3.9900232499221646
1344	3.9963223084973287
1345	3.9816039263003034
1346	3.9875304168181622
1347	3.9931636086920563
1348	3.9813568061985367
1349	3.989241635330499
1350	4.006405959126595
1351	4.012165478781953
1352	4.011108709162586
1353	4.0083961898636
1354	3.9968403773159547
1355	3.9879413011964773
1356	3.993025919442884
1357	3.976894265208927
1358	3.9666028066474373
1359	3.990335724752247
1360	3.99075737510732
1361	3.9936146519543763
1362	3.9815727382191537
1363	3.9779632018372806
1364	3.9736072888142657
1365	3.98181987646131
1366	3.988104512519089
1367	3.993594027121112
1368	3.9955844821962585
1369	4.010652976866848
1370	4.016405208417594
1371	4.020034079270955
1372	4.007450318451043
1373	4.005002935851531
1374	4.022166193621714
1375	4.038999296511975
1376	4.037368601879884
1377	4.034502708555242
1378	4.031558846011508
1379	4.029013224563745
1380	4.0440918098014365
1381	4.050404365955848
1382	4.046319533919171
1383	4.05630383071307
1384	4.052647948089966
1385	4.041988069715483
1386	4.0406036169677
1387	4.03836423532984
1388	4.035209490513647
1389	4.035615598847668
1390	4.031326675268532
1391	4.023423200154221
1392	4.011303309153528
1393	3.9994292412391848
1394	3.990518724405081
1395	3.9797568626389346
1396	3.997950278615506
1397	4.001484114470745
1398	4.0002964253384015
1399	4.008827318856357
1400	4.00848705720582
1401	3.9813630517167806
1402	3.976683340623151
1403	3.9749110208721956
1404	3.9760035055619007
1405	3.976165290936143
1406	3.9787338711581937
1407	3.9886749015198117
1408	4.016752836843625
1409	4.024573492493155
1410	4.030733897369722
1411	4.030007303932221
1412	4.024894322453007
1413	4.0200172967017105
1414	4.010007730178879
1415	4.003963679448947
1416	4.00506395189636
1417	4.003004053434085
1418	4.000199650007199
1419	4.007275278636633
1420	4.009052718224021
1421	4.012491631717522
1422	4.019804210494993
1423	4.017000645952825
1424	4.027875765223914
1425	4.030606328218858
1426	4.032598580383245
1427	4.036647700429409
1428	4.055087830192999
1429	4.054369510532179
1430	4.037622885075533
1431	4.036224834763099
1432	4.040892897226525
1433	4.043560789466705
1434	4.058765438284456
1435	4.06155036604889
1436	4.057606376340129
1437	4.051666247769203
1438	4.0462716633278415
1439	4.046814172371398
1440	4.042572415662406
1441	4.07509696780792
1442	4.045733990676852
1443	4.048681155061881
1444	4.051923901138429
1445	4.0501531175981365
1446	4.049548790958208
1447	4.0625200496193505
1448	4.069582598916609
1449	4.0571184642994
1450	4.047498690966176
1451	4.035999101582773
1452	4.0236891810107736
1453	4.017948168328915
1454	4.014211360685951
1455	4.0164016828307405
1456	4.014720228059482
1457	4.0201460147225685
1458	4.022922557992624
1459	4.015185132311351
1460	4.010417698085627
1461	4.018753788956272
1462	4.012487588885665
1463	4.016951175018108
1464	4.026361474655784
1465	4.023513164574236
1466	4.021306798736351
1467	4.012937248405846
1468	4.020708388749113
1469	4.0155029196017855
1470	4.003182776299966
1471	4.023429737302352
1472	4.020967769860716
1473	4.016782828074456
1474	4.007595622856944
1475	3.998784658658003
1476	3.995941342979121
1477	4.000021370108706
1478	3.9996038616338945
1479	3.997533106639908
1480	3.9845081864923175
1481	3.9726795011554166
1482	3.9683829629248515
1483	3.9489955489855904
1484	3.9614858421332797
1485	3.9826782780992227
1486	3.986612582144782
1487	3.9910996632768825
1488	3.991668586246564
1489	3.9956247143295083
1490	4.006819844445062
1491	4.0083779064641165
1492	4.023351974109928
1493	4.018113092999645
1494	4.021945821454616
1495	4.024588692341984
1496	4.017721497224213
1497	4.011449030856572
1498	4.000612673390792
1499	3.99614990495725
1500	3.9976643959264475
1501	4.004487411351052
1502	4.005780822662557
1503	4.021850079605199
1504	4.014667024759984
1505	4.0146467135017145
1506	4.018008106851952
1507	4.01572304249007
1508	3.9954442982293545
1509	4.006847163196648
1510	4.005251465632538
1511	4.007298152627731
1512	4.018262331683816
1513	4.016801522031269
1514	4.020885878590687
1515	4.025213299200273
1516	4.029851943711578
1517	4.040504368641728
1518	4.038016474534294
1519	4.0530671780118315
1520	4.047588869797303
1521	4.049243317399712
1522	4.043849871021053
1523	4.04390861387074
1524	4.034943619550059
1525	4.02427443264614
1526	4.017859153079732
1527	4.018862707628243
1528	4.005495161838637
1529	4.0116041938131755
1530	4.011227184339988
1531	4.01113551062712
1532	3.9912064163787107
1533	3.9864926832080374
1534	3.9766020699890583
1535	3.982547356968178
1536	3.985996406735087
1537	3.997740396895771
1538	3.9966293212019806
1539	3.99913994747365
1540	4.001822778328189
1541	3.9783815361712516
1542	3.9853495741681404
1543	3.9855002825654293
1544	3.9861839778032473
1545	4.0055394447663675
1546	3.999083086302247
1547	3.97829418323576
1548	3.9822821694562403
1549	3.987932137700035
1550	3.99242347476644
1551	4.0009320414244085
1552	4.0164310320676915
1553	4.031764986749653
1554	4.038996165780696
1555	4.042926371084888
1556	4.044056518921896
1557	4.038189666276489
1558	4.03668196898066
1559	4.03422149910658
1560	4.033292754019123
1561	4.027268863882464
1562	4.038174941330067
1563	4.046686916429354
1564	4.032376056202504
1565	4.018172969125069
1566	4.0191130924765766
1567	4.025168579383021
1568	4.010724658480613
1569	4.010387567801086
1570	4.016239408782984
1571	3.9978681323671004
1572	4.001689480142344
1573	4.005677720100805
1574	4.007420677789865
1575	4.009103701192017
1576	4.013733091223447
1577	4.009900444998677
1578	4.01447594859354
1579	4.017143660835526
1580	4.014624620135522
1581	4.019802237785311
1582	4.02145927668084
1583	4.021718210331735
1584	4.011601272426396
1585	3.9876586103527725
1586	3.988617897032733
1587	3.990748113171654
1588	3.991818076817427
1589	3.9810755146819954
1590	3.969649188822624
1591	3.9815163990348794
1592	3.9705985082680253
1593	3.95877811923917
1594	3.9529484534939345
1595	3.9576051251603785
1596	3.9482229081999063
1597	3.952049076597386
1598	3.958669380301561
1599	3.970105174203383
1600	3.96701775756029
1601	3.978181921750664
1602	4.0022104451690845
1603	3.9929497242748457
1604	3.997220769578537
1605	3.997642282607308
1606	3.9732298175885807
1607	3.9882976366109473
1608	3.9903957613243217
1609	3.9787696167221465
1610	3.9644551828801293
1611	3.9659325579928932
1612	3.961603731784376
1613	3.970927232898751
1614	3.9720397098738913
1615	3.979620055532351
1616	3.9667429163710706
1617	3.9557567953207755
1618	3.9653962687961437
1619	3.9394284812449025
1620	3.946651082926413
1621	3.9557679958593654
1622	3.953486436041045
1623	3.9619123594930694
1624	3.959134486778819
1625	3.9815000440034036
1626	3.993216008872885
1627	3.97853484623503
1628	3.9717367462968065
1629	3.9793350713128195
1630	3.9771915937915736
1631	3.9862557052157355
1632	3.9880231403903768
1633	3.9954172850066825
1634	3.994177096432895
1635	3.98473015089764
1636	3.976804337303003
1637	3.96360211543769
1638	3.9695308549802704
1639	3.9715752566809974
1640	3.9719021379194936
1641	3.96578301936449
1642	3.9733086460391664
1643	3.993381344330483
1644	3.9822956387041186
1645	3.959272993224614
1646	3.9642616289158656
1647	3.9672686289500367
1648	3.9634148940582876
1649	3.956682222501066
1650	3.947724796137896
1651	3.943022641817994
1652	3.946902865408844
1653	3.9286035260489456
1654	3.9261306909890883
1655	3.920853565976062
1656	3.9186092068997036
1657	3.9111008019625064
1658	3.91602131569168
1659	3.9341911754303536
1660	3.931152849602016
1661	3.932549882895226
1662	3.9255636890784538
1663	3.9226584712397154
1664	3.9331040473501186
1665	3.9362253546196233
1666	3.9319489339504616
1667	3.9535725590944284
1668	3.9534113217923332
1669	3.9574920160341667
1670	3.965218077637517
1671	3.9758081390325213
1672	3.989494003067411
1673	3.9841426549879113
1674	3.997850908190347
1675	4.00065036593607
1676	4.005800402037971
1677	4.005998940736086
1678	3.9925979347950626
1679	3.9887149599412526
1680	4.001465155712582
1681	3.9942886845502614
1682	3.9941692711997856
1683	3.994925448777521
1684	3.9993824664117974
1685	3.9992305352681696
1686	4.001039146342865
1687	4.016076821976621
1688	4.016931135733966
1689	4.027353771091144
1690	4.025123283197159
1691	4.023024049018894
1692	4.0222759829104975
1693	4.033553071007479
1694	4.046274075396932
1695	4.040524485246411
1696	4.044138929094741
1697	4.036455795333241
1698	4.029450027933042
1699	4.029110360477309
1700	4.031702586971621
1701	4.013323600553927
1702	3.9941252935515577
1703	3.9912299951716053
1704	3.9841624564050813
1705	3.9835380494904506
1706	3.9886643213352344
1707	3.9912119185329105
1708	3.9897825093900736
1709	3.987812231288234
1710	3.985095503499029
1711	3.985728746174483
1712	3.9772316092747264
1713	3.9789215071208215
1714	3.979852711301505
1715	3.975888375461124
1716	3.9797730417228987
1717	3.9829070099980197
1718	3.9824800196030785
1719	3.982476860568595
1720	3.97726702689707
1721	3.959001367787103
1722	3.9565856801709525
1723	3.9505153714283248
1724	3.952014766949779
1725	3.9326425883691334
1726	3.942176688873343
1727	3.9512693139086923
1728	3.9406655968223685
1729	3.925499498977199
1730	3.92344096943786
1731	3.9165202749274286
1732	3.9105265524179544
1733	3.916707726635872
1734	3.9224221176144467
1735	3.9292701848631335
1736	3.9445071053202603
1737	3.955449101113692
1738	3.9949099894975477
1739	3.9850035566588318
1740	3.9833297556127367
1741	3.995558739954996
1742	3.9812546763760657
1743	3.9516927145809055
1744	3.9561903909958778
1745	3.9741195761649535
1746	3.9726598799773205
1747	3.9671571003339903
1748	3.967535302015327
1749	3.9685767425840934
1750	3.968556794558491
1751	3.9683804186166296
1752	3.95938255778652
1753	3.967873404517154
1754	3.972331733042629
1755	3.9901194067762895
1756	3.994552892260105
1757	4.002775668330326
1758	4.004375111033356
1759	3.9845283232230924
1760	3.9849009873144623
1761	3.9994060575091326
1762	3.998359243353557
1763	4.018166906126034
1764	4.00801956107233
1765	4.007392100985959
1766	4.002263198703618
1767	4.0001645919955395
1768	4.007692181864978
1769	4.014504037679816
1770	3.9994385077948067
1771	3.990264960927585
1772	3.9851777115380114
1773	3.984588295642769
1774	3.9719275029863894
1775	3.967980385820215
1776	3.9597843037865315
1777	3.958696844206245
1778	3.9829463335036435
1779	3.991346981281137
1780	3.9963821884525106
1781	4.004533312743898
1782	4.015192589913084
1783	4.016214017538784
1784	4.023631661329053
1785	4.020039738606879
1786	4.013583816276552
1787	4.0006918697685325
1788	3.991433483861584
1789	3.9869575829969617
1790	3.983659113005014
1791	3.9663487433111206
1792	3.9780610508755645
1793	3.9722140566662842
1794	3.9846830533133404
1795	3.9991912838376975
1796	4.002171989406606
1797	4.0058324262232885
1798	4.014699982108552
1799	4.00082309340018
1800	4.03038138375585
1801	4.045715520572061
1802	4.055588168375371
1803	4.060509839754105
1804	4.068248316746177
1805	4.0815609916573115
1806	4.084701855893904
1807	4.074247830193634
1808	4.073853335317883
1809	4.076175184037365
1810	4.095909641863337
1811	4.094586875856609
1812	4.113236797943207
1813	4.116418124231131
1814	4.115958802938184
1815	4.119596570268209
1816	4.129779185296554
1817	4.135172100202388
1818	4.136659560380948
1819	4.148732962895156
1820	4.151060402162012
1821	4.163876066932301
1822	4.164198323751316
1823	4.160547340812684
1824	4.162308863006571
1825	4.1726239107475065
1826	4.174221360902852
1827	4.171358859720338
1828	4.186430672946357
1829	4.195626257665901
1830	4.189686769334579
1831	4.19204206215269
1832	4.19670611032894
1833	4.194105180155699
1834	4.192783778181856
1835	4.195551424554675
1836	4.188847794955206
1837	4.175922218724121
1838	4.148911278823915
1839	4.155867193998545
1840	4.155093851798041
1841	4.151455761212211
1842	4.1492055800153365
1843	4.159087091874957
1844	4.157713765499031
1845	4.152209391397891
1846	4.161886594276627
1847	4.175205978265289
1848	4.174310748760917
1849	4.182946977154023
1850	4.1994211376796615
1851	4.204486287451297
1852	4.220649441564728
1853	4.212324612468308
1854	4.223619259779411
1855	4.215642650525754
1856	4.234101025440313
1857	4.23250963781468
1858	4.2284560158518385
1859	4.236672548761389
1860	4.234895906342997
1861	4.231007034755552
1862	4.230687777555411
1863	4.229932538928573
1864	4.228511845891045
1865	4.25799052739518
1866	4.273974063697695
1867	4.267588635130684
1868	4.25457160125512
1869	4.260795107645351
1870	4.262172767031889
1871	4.26135984024007
1872	4.251394514495825
1873	4.258826015011365
1874	4.25616047462332
1875	4.258404761998688
1876	4.266456723692302
1877	4.272964823061539
1878	4.2583566428157775
1879	4.261433853003971
1880	4.257512146756761
1881	4.245970384131023
1882	4.243859775395013
1883	4.252027779124074
1884	4.250432025762845
1885	4.255318191664439
1886	4.2608390721760765
1887	4.251430422039638
1888	4.254858728448501
1889	4.26746781057706
1890	4.263024376508655
1891	4.262544626658769
1892	4.26303287878935
1893	4.277131137019325
1894	4.2651467464171215
1895	4.253061311914269
1896	4.259150483290687
1897	4.252430485822024
1898	4.260755652617181
1899	4.269333445695415
1900	4.2521392877207
1901	4.26080914415624
1902	4.249463594170445
1903	4.250274206495609
1904	4.25289863610419
1905	4.242464160035096
1906	4.247576211634165
1907	4.2509716972294465
1908	4.248248153315848
1909	4.24272694723183
1910	4.2378535731792715
1911	4.246255810886004
1912	4.23193481193296
1913	4.230866343404105
1914	4.226601993726776
1915	4.22924167906787
1916	4.243896234987339
1917	4.238321103883936
1918	4.223789836592555
1919	4.220701447863176
1920	4.207953440153592
1921	4.1937345113003435
1922	4.205347218193715
1923	4.223574676555908
1924	4.224554908633933
1925	4.243352384385404
1926	4.239320624503649
1927	4.243653832967003
1928	4.236610904167936
1929	4.237331866284787
1930	4.250039315217324
1931	4.2417517258927
1932	4.247592256174631
1933	4.256880389879896
1934	4.26283867570164
1935	4.258427712406218
1936	4.277384991290366
1937	4.289429320869786
1938	4.2883226165146215
1939	4.289539832619221
1940	4.2910071115597015
1941	4.287695355913818
1942	4.287975646695854
1943	4.299549712677479
1944	4.307171796524318
1945	4.305647286965745
1946	4.299405348671097
1947	4.288246922954669
1948	4.296097208936922
1949	4.289947294224236
1950	4.291183475177838
1951	4.302605534698458
1952	4.305945504363321
1953	4.303205549155403
1954	4.295007563256999
1955	4.303373852781951
1956	4.304539375152248
1957	4.297869166440598
1958	4.305908263007677
1959	4.300435135452252
1960	4.322945210464814
1961	4.320648417727956
1962	4.3427324244525165
1963	4.335989326094535
1964	4.334981504708685
1965	4.3196349317297145
1966	4.311726348754662
1967	4.309928661263369
1968	4.326723252056296
1969	4.307425489158293
1970	4.319635713886165
1971	4.323535185840603
1972	4.327191828668459
1973	4.320830555458173
1974	4.322628075306352
1975	4.31622715989476
1976	4.315825301881328
1977	4.313062607727728
1978	4.310008091595524
1979	4.307246463969787
1980	4.308684656998557
1981	4.318647812569576
1982	4.302836962456875
1983	4.299733640286884
1984	4.2960561924174545
1985	4.292219361567323
1986	4.2904161520271
1987	4.294276899007854
1988	4.319728075136159
1989	4.32063597282311
1990	4.337674999423199
1991	4.342727197024941
1992	4.339412100818672
1993	4.338329029709043
1994	4.337912516216234
1995	4.341498461604489
1996	4.331213046476128
1997	4.358318939281271
1998	4.361824774972019
1999	4.3617630084828365
2000	4.363205959164757
2001	4.351321556977826
2002	4.3517055480815205
2003	4.363674998716487
2004	4.358824386965817
2005	4.372208009057337
2006	4.370337371325568
2007	4.3727687226477885
2008	4.369777455307192
2009	4.368926115524192
2010	4.379895488846915
2011	4.3786076359402335
2012	4.381994188812048
2013	4.391298763118993
2014	4.42526546823366
2015	4.4306178018161875
2016	4.41268443698144
2017	4.410570939004655
2018	4.44261891184412
2019	4.4456113815834835
2020	4.450267634760162
2021	4.4488517815090445
2022	4.440675604341661
2023	4.424730082997731
2024	4.429309689377023
2025	4.431731121956631
2026	4.4378006211756915
2027	4.42994701162253
2028	4.42153043005269
2029	4.41750627493979
2030	4.406698882583779
2031	4.410801515625793
2032	4.404531095911456
2033	4.394772160506954
2034	4.400121644332156
2035	4.404256464322099
2036	4.3966041726452065
2037	4.38806917062978
2038	4.3981555665029815
2039	4.39824381650998
2040	4.396929476146771
2041	4.4075165513207
2042	4.424802491065648
2043	4.411761083388819
2044	4.407182778154265
2045	4.411328296113215
2046	4.414246458566066
2047	4.415785248116062
2048	4.416408309384653
2049	4.418386376057492
2050	4.416218852247079
2051	4.412429851680822
2052	4.408502095148972
2053	4.418361679936715
2054	4.428633026677606
2055	4.431153916913522
2056	4.427799831976561
2057	4.431968585752326
2058	4.423974847192311
2059	4.426502458152241
2060	4.424159419328514
2061	4.435310251569946
2062	4.423041518730548
2063	4.416666703881743
2064	4.417383584451498
2065	4.4180543217514705
2066	4.420519642866778
2067	4.42422589407944
2068	4.4296339708965995
2069	4.436479632611133
2070	4.436416308939842
2071	4.43674502732904
2072	4.439754923060308
2073	4.447898004053192
2074	4.447795846373671
2075	4.45599828217358
2076	4.465228423231035
2077	4.471424047205361
2078	4.470254987669956
2079	4.473404291638837
2080	4.470245496122157
2081	4.470912285277563
2082	4.468283325504012
2083	4.465459452216671
2084	4.4503578657674545
2085	4.46913707225352
2086	4.473024413010475
2087	4.479662688369076
2088	4.474884208229255
2089	4.480881145476099
2090	4.479198457750512
2091	4.472023676073818
2092	4.4721187168795105
2093	4.4715591750952735
2094	4.462444058684318
2095	4.465997622223084
2096	4.476854772999674
2097	4.481875835569823
2098	4.472822885187104
2099	4.474624987335959
2100	4.484119362655008
2101	4.4755625520542255
2102	4.485330368985412
2103	4.471911471497082
2104	4.478675627586943
2105	4.4804488545000405
2106	4.48345931083202
2107	4.495882938058133
2108	4.507209553832502
2109	4.508232103599591
2110	4.497254799440321
2111	4.489731110765473
2112	4.491650789835775
2113	4.484911290581173
2114	4.453528981106595
2115	4.449100312270307
2116	4.449056335500482
2117	4.452824107575943
2118	4.435594229069019
2119	4.427834392062518
2120	4.429169985383128
2121	4.433177986170755
2122	4.4391493231288965
2123	4.451088034835779
2124	4.448486410147395
2125	4.451238132861731
2126	4.457544015020452
2127	4.458612789441984
2128	4.465007695293523
2129	4.4616578007369165
2130	4.455939717447072
2131	4.4583521553828005
2132	4.452817671846635
2133	4.459146731950625
2134	4.451643768258609
2135	4.457002667477283
2136	4.463434987549534
2137	4.467153933098006
2138	4.470236141331987
2139	4.475597775459016
2140	4.47214846380137
2141	4.482126135433111
2142	4.466510055074616
2143	4.458106571741146
2144	4.464660030323886
2145	4.454457281681642
2146	4.459402546267376
2147	4.4718962003826634
2148	4.46214609178801
2149	4.4644008077755934
2150	4.4766477468825006
2151	4.49229919078991
2152	4.491737514069121
2153	4.494721840945838
2154	4.4883076201651155
2155	4.497498243423996
2156	4.49862651267589
2157	4.498448021616274
2158	4.503012339167483
2159	4.508939133859498
2160	4.501881345896461
2161	4.481874856515958
2162	4.490270285068079
2163	4.504030368444505
2164	4.507420941017011
2165	4.509808529245587
2166	4.511485307214584
2167	4.514591599450378
2168	4.507538363083867
2169	4.50760738541677
2170	4.503725471529713
2171	4.4935892845466325
2172	4.500467663232151
2173	4.494620841522381
2174	4.511250824338918
2175	4.513714141622353
2176	4.509592205091943
2177	4.510958276821482
2178	4.5110350170934055
2179	4.518855376034408
2180	4.510008332424789
2181	4.509602945488484
2182	4.513406539922812
2183	4.514025839571518
2184	4.520910389436917
2185	4.4926954855736145
2186	4.494120271344763
2187	4.488583856473891
2188	4.478275420436293
2189	4.473652665835207
2190	4.469612139982233
2191	4.478480072266606
2192	4.489754399257346
2193	4.496259090009861
2194	4.504889058006205
2195	4.513081707594424
2196	4.503790446680522
2197	4.50803241990979
2198	4.507096774988737
2199	4.505509504837513
2200	4.498857034570696
2201	4.504490164315201
2202	4.502885664822405
2203	4.500464910772365
2204	4.493226454721722
2205	4.49733461127769
2206	4.506351216343117
2207	4.4852415701577995
2208	4.4683194117687055
2209	4.468152591441216
2210	4.464742614432707
2211	4.470604446645973
2212	4.471108024154436
2213	4.486403308507819
2214	4.499978398483562
2215	4.504525023682835
2216	4.509644679929747
2217	4.513986898625779
2218	4.502787907781789
2219	4.5060133296659295
2220	4.5071816071751
2221	4.512694701314175
2222	4.523182875935946
2223	4.512790209079417
2224	4.510719511337503
2225	4.499075742275975
2226	4.483254253048157
2227	4.481357147317828
2228	4.480111572890121
2229	4.4961764259614645
2230	4.491074257266531
2231	4.483908060425067
2232	4.483792064882803
2233	4.475347333656555
2234	4.46629831856828
2235	4.459882830693086
2236	4.447241160187403
2237	4.43258369221118
2238	4.421901798550366
2239	4.413260760849353
2240	4.415675497135573
2241	4.397590250097369
2242	4.400829227110213
2243	4.412266890630672
2244	4.3986682325647735
2245	4.4018562036706905
2246	4.382466148114224
2247	4.370955997040637
2248	4.384735169866515
2249	4.379730111964592
2250	4.354416862677885
2251	4.32076851145213
2252	4.323043994008669
2253	4.328260293460025
2254	4.332480801328358
2255	4.306091412906558
2256	4.296018029976043
2257	4.285749244730743
2258	4.284527205003504
2259	4.278979945998784
2260	4.282054769643568
2261	4.294033095198146
2262	4.279722717432764
2263	4.274909949151941
2264	4.2710024545792615
2265	4.251786999984607
2266	4.251782690173172
2267	4.252370888828097
2268	4.2292255524326725
2269	4.2359266017299655
2270	4.2356265808224025
2271	4.241309386667875
2272	4.240416306635357
2273	4.239358518354216
2274	4.208513063127614
2275	4.192106061560804
2276	4.179856488400126
2277	4.176916174532242
2278	4.178754217357711
2279	4.169729239099752
2280	4.185828068242273
2281	4.186015332445993
2282	4.165426965546035
2283	4.168776406526272
2284	4.179247037734291
2285	4.180309839386104
2286	4.185571875775534
2287	4.189825402000406
2288	4.196288106274478
2289	4.211577356107747
2290	4.219766800997284
2291	4.224572622594785
2292	4.215213509174486
2293	4.185641841994842
2294	4.179613626259883
2295	4.170016007051201
2296	4.170190312494079
2297	4.12475546149435
2298	4.121195324410618
2299	4.094361076637118
2300	4.095420879095742
2301	4.097758570022468
2302	4.096651730025896
2303	4.098034778724733
2304	4.09761344683584
2305	4.081810709318299
2306	4.072459652630951
2307	4.086214650880664
2308	4.0851188223474075
2309	4.077667976124252
2310	4.063008280121246
2311	4.069038777591113
2312	4.064292581170665
2313	4.062337058994855
2314	4.044062112707288
2315	4.0269309173074355
2316	4.035285884974666
2317	4.03750577168003
2318	4.037752723479124
2319	4.054588232233324
2320	4.040622229926579
2321	4.045399488566573
2322	3.9956821774707834
2323	4.001277253288316
2324	4.000007557369169
2325	4.004971329526303
2326	4.003610216323787
2327	4.010087599767988
2328	4.000028068886052
2329	3.9969240483578026
2330	4.004166657331696
2331	4.003865468115573
2332	4.0014227902103325
2333	4.010961582138696
2334	4.009813626594825
2335	4.003527359075192
2336	4.016208054513223
2337	4.02295153435534
2338	4.028357511421363
2339	4.023925264647421
2340	4.030768741770998
2341	4.030867363607452
2342	4.0391237286421084
2343	4.032400423246382
2344	4.037088909744994
2345	4.03116161330192
2346	4.0226829311558925
2347	4.026672064626584
2348	4.018837541424048
2349	4.035368030344143
2350	4.035154483831939
2351	4.038075871848557
2352	4.037399442752561
2353	4.038488061125212
2354	4.0408456493594995
2355	4.041271891971601
2356	4.04229645829617
2357	4.056120893939345
2358	4.0680197743857
2359	4.079489210393581
2360	4.084878602680727
2361	4.072677365686752
2362	4.0682457863650985
2363	4.067009553653343
2364	4.080288734534974
2365	4.075350239344409
2366	4.0786263838898025
2367	4.074900976067324
2368	4.080790037119736
2369	4.089191645791272
2370	4.090449618190295
2371	4.085407142763587
2372	4.0863229027865025
2373	4.096027647813893
2374	4.094799421203297
2375	4.101168507923256
2376	4.112660254197796
2377	4.110009957204856
2378	4.1092521769463675
2379	4.112179411854387
2380	4.096650309546248
2381	4.097330304974798
2382	4.094949073978969
2383	4.087291797375452
2384	4.082265280003001
2385	4.087351798689204
2386	4.1202657094005515
2387	4.12264284039223
2388	4.1149566961778214
2389	4.105876416036521
2390	4.0960051204807
2391	4.102915446323973
2392	4.114574817206018
2393	4.10972569678055
2394	4.112248329667588
2395	4.11899093628976
2396	4.120138102296542
2397	4.120488493312569
2398	4.119968646954135
2399	4.1227415464010475
2400	4.128261686223663
2401	4.115999834935153
2402	4.1014000598594365
2403	4.117029738667592
2404	4.112229142469577
2405	4.113023028359721
2406	4.112924711640156
2407	4.095186267654394
2408	4.103724000531568
2409	4.113470631733937
2410	4.117727850618487
2411	4.114393592412622
2412	4.125558916852376
2413	4.1037317966659375
2414	4.106951935749251
2415	4.0948320481723695
2416	4.083180250144126
2417	4.075582302996779
2418	4.0680514204210745
2419	4.047831097333771
2420	4.043725344381738
2421	4.052074434073548
2422	4.056064878110367
2423	4.066627326467191
2424	4.062691587189237
2425	4.079618730201843
2426	4.071499230277975
2427	4.073130723561933
2428	4.0847488751562695
2429	4.0908108774530625
2430	4.072424636657022
2431	4.072644681402353
2432	4.060462998215046
2433	4.0575080832857235
2434	4.046187129701349
2435	4.04256782324735
2436	4.020568074208365
2437	4.011169294530442
2438	3.9985294829331104
2439	3.9982454817910877
2440	4.000750402913035
2441	3.982073273963403
2442	3.960505783002813
2443	3.953177004000962
2444	3.9249477176678966
2445	3.918265088190644
2446	3.9104581697860774
2447	3.916884965976533
2448	3.916181292356396
2449	3.9068684184009763
2450	3.891433408399171
2451	3.8825953960889175
2452	3.8532569039905
2453	3.8619983474808874
2454	3.8928028833780646
2455	3.8869617825975653
2456	3.8856904779987573
2457	3.883739208657827
2458	3.8746968390184384
2459	3.855054767493959
2460	3.8584100666905936
2461	3.846356945304029
2462	3.8364386562621875
2463	3.8417086949956314
2464	3.8393813688750695
2465	3.8358302000277433
2466	3.8471691704731983
2467	3.8343919087629486
2468	3.8337440196154597
2469	3.833121024776047
2470	3.8367826560803784
2471	3.8519808075271627
2472	3.847469415428697
2473	3.8463029287845063
2474	3.824869023036636
2475	3.8219742652355677
2476	3.81262851563706
2477	3.8073732054244025
2478	3.807184470110786
2479	3.8021657185985807
2480	3.806998932695556
2481	3.801148240270783
2482	3.800639017488263
2483	3.7895592329740153
2484	3.789741301592243
2485	3.795480049269425
2486	3.789520266876468
2487	3.790288566101859
2488	3.790412629899625
2489	3.792574502107909
2490	3.7988889969017956
2491	3.796582015133627
2492	3.790245410745989
2493	3.811592138007863
2494	3.81190497610354
2495	3.803440069384666
2496	3.8057634161156475
2497	3.7980493410311404
2498	3.7962158353885007
2499	3.7955145458376283
2500	3.793835071940612
2501	3.799141629519051
2502	3.8070127439505397
2503	3.796168526004123
2504	3.8008226546121424
2505	3.798689624427347
2506	3.8040931736095005
2507	3.8044480863207513
2508	3.800707757551135
2509	3.7981769731233137
2510	3.7986888736670363
2511	3.7941989134902556
2512	3.7849687667867484
2513	3.795685066551499
2514	3.7918782005424547
2515	3.7957077370249888
2516	3.8024156797920408
2517	3.7978241323239295
2518	3.8173993876813586
2519	3.8259609655866282
2520	3.83722903769452
2521	3.831749209155743
2522	3.8363922497345015
2523	3.8296147170047257
2524	3.829054958820641
2525	3.8145210987924405
2526	3.821470547653036
2527	3.814080205072635
2528	3.811718449582869
2529	3.8158218666385335
2530	3.8141440561129802
2531	3.8123398694973796
2532	3.82357064005585
2533	3.826480304766334
2534	3.8245322861245024
2535	3.821030268605367
2536	3.8138762968736635
2537	3.8131025022998344
2538	3.812824700794475
2539	3.8076601881076604
2540	3.8065592940215183
2541	3.80803156851096
2542	3.8237911324415474
2543	3.8172780222011378
2544	3.8257155930563806
2545	3.827450445378197
2546	3.821897478877267
2547	3.817776844887604
2548	3.81377042855218
2549	3.8076282862844977
2550	3.806933132646704
2551	3.812879759780778
2552	3.810618040666875
2553	3.8095412563563684
2554	3.796079030489842
2555	3.7888873800291427
2556	3.7926653908734163
2557	3.7877038846636206
2558	3.79398386320228
2559	3.798562243453736
2560	3.801470900355432
2561	3.8139529657731335
2562	3.811791476096715
2563	3.8234246491170496
2564	3.8204128911286106
2565	3.824266235245404
2566	3.8154777252850223
2567	3.8213827194128265
2568	3.831740959062485
2569	3.833196092823674
2570	3.848026523435494
2571	3.8295264528917463
2572	3.8356805637535385
2573	3.8384169146352733
2574	3.8438402893033876
2575	3.8448387388233654
2576	3.8496939090291344
2577	3.8565481550951786
2578	3.8452987176714823
2579	3.855420112303029
2580	3.8501793437694
2581	3.855981316943065
2582	3.8602104037957616
2583	3.8637433043552805
2584	3.8586157853709278
2585	3.856378490159555
2586	3.8544908649050735
2587	3.856736097215995
2588	3.8558083544104877
2589	3.8564815028632844
2590	3.8610174629705867
2591	3.8583393613000765
2592	3.871504843748157
2593	3.856039368288711
2594	3.8568479434264984
2595	3.8656626154359883
2596	3.8749253511149733
2597	3.8763377698598185
2598	3.881922570420749
2599	3.888554975772832
2600	3.8909630764685703
2601	3.895343992748829
2602	3.8862867935510654
2603	3.884626031107868
2604	3.8773793734656974
2605	3.882822604560342
2606	3.8852733181178847
2607	3.885690274083053
2608	3.8847562820649917
2609	3.8816715041764107
2610	3.8754992276652644
2611	3.8749498610720274
2612	3.8716129294281387
2613	3.8723975961430157
2614	3.877081868546622
2615	3.880609678693064
2616	3.887210892994259
2617	3.8938716777913265
2618	3.892362718141948
2619	3.8897882519029356
2620	3.8687310373025334
2621	3.8709024701051025
2622	3.8775224860585973
2623	3.8745837945472337
2624	3.8764133305808346
2625	3.879011686711076
2626	3.8693068152152077
2627	3.8672842513423884
2628	3.858305227813288
2629	3.8517720147238834
2630	3.8537538065408277
2631	3.8589300622431666
2632	3.8611326386073275
2633	3.8557787714209804
2634	3.8607124584210757
2635	3.8553055837918295
2636	3.854138439144892
2637	3.860056723733631
2638	3.848203502763955
2639	3.8499396347487855
2640	3.8569228244715683
2641	3.8576517117117466
2642	3.841270649081963
2643	3.849375160932382
2644	3.8439095846945497
2645	3.8560925800088137
2646	3.8567460090679555
2647	3.858178852411245
2648	3.864424251770158
2649	3.8696618716536175
2650	3.8634778806852927
2651	3.859064016399721
2652	3.858291605626027
2653	3.8516883226256104
2654	3.8464883539500465
2655	3.846303018038894
2656	3.8500356609181012
2657	3.8500496080292184
2658	3.848182940298853
2659	3.8429610897700903
2660	3.8369820198691773
2661	3.831203656051392
2662	3.8241860774082377
2663	3.819648543544994
2664	3.826430608505919
2665	3.8296372957046882
2666	3.8280151042729935
2667	3.8313386677479477
2668	3.8192502464742657
2669	3.8121370878637526
2670	3.806758440095488
2671	3.8051691715314906
2672	3.793208722293143
2673	3.8010889801245495
2674	3.787609768208682
2675	3.7851833073456604
2676	3.777761679915052
2677	3.7769536289229193
2678	3.7799001307344025
2679	3.770455603405102
2680	3.7689996467821643
2681	3.7641469666928766
2682	3.753823354855339
2683	3.749683909596742
2684	3.751024360546232
2685	3.7559044560410304
2686	3.7661084820093746
2687	3.7651190672823103
2688	3.7717918046417274
2689	3.776476354424502
2690	3.7778020941045387
2691	3.771536071868871
2692	3.7527419693952666
2693	3.751439076107841
2694	3.749002026311567
2695	3.747822959548738
2696	3.743763779755563
2697	3.7456345034210647
2698	3.7412592130398994
2699	3.7343628233751804
2700	3.7310858724723834
2701	3.723268594806846
2702	3.7238122194306005
2703	3.7171543457680323
2704	3.7305047180217397
2705	3.725976418929082
2706	3.720521124695794
2707	3.7332309662650243
2708	3.7356262843667003
2709	3.74924724194696
2710	3.754045505641423
2711	3.7586528216012636
2712	3.760142784631164
2713	3.7710375613360183
2714	3.7699615478619912
2715	3.7595513952512403
2716	3.7512269881617173
2717	3.7430623476874287
2718	3.7421359243184336
2719	3.7517336006204447
2720	3.746000110071169
2721	3.7383430942824267
2722	3.7311744295993723
2723	3.7458973803752276
2724	3.747159311769107
2725	3.7486798506804058
2726	3.7509832296871273
2727	3.7516281665283797
2728	3.7552581870676978
2729	3.755389211226617
2730	3.7625415703097373
2731	3.756122409999904
2732	3.7562323646406957
2733	3.763377080307007
2734	3.763139406005174
2735	3.7640159815772853
2736	3.7705590632681494
2737	3.7641536823131747
2738	3.7705024299903247
2739	3.7686640514278653
2740	3.76628970338817
2741	3.7718364150614465
2742	3.771722213741103
2743	3.7713955455033394
2744	3.77305323156824
2745	3.772629508859556
2746	3.773005253105568
2747	3.7655092191329804
2748	3.7501187770398134
2749	3.7460756799346453
2750	3.7497831708262512
2751	3.7485363291762535
2752	3.7636581147022836
2753	3.7740419394353903
2754	3.770579373289407
2755	3.7743962165272884
2756	3.772471621991025
2757	3.775874858135365
2758	3.7751324703292704
2759	3.7829096114381726
2760	3.7978088753383563
2761	3.7890512370624996
2762	3.7892800497603596
2763	3.789353632078622
2764	3.796152103027136
2765	3.800147703875392
2766	3.8000121476124504
2767	3.7917870880273195
2768	3.7953658741988994
2769	3.791787732051545
2770	3.7908484533376776
2771	3.8028148411891656
2772	3.8101615582256048
2773	3.801714264399014
2774	3.8062750330854205
2775	3.817363109664794
2776	3.8203746424056857
2777	3.822005309604791
2778	3.845621773762981
2779	3.8449316837113963
2780	3.8529433708150322
2781	3.857066929796713
2782	3.8550058295119674
2783	3.857253259164892
2784	3.858883192688208
2785	3.853581228361565
2786	3.8544318794381933
2787	3.8531746622830245
2788	3.853811617866662
2789	3.849592333458602
2790	3.83827309885402
2791	3.836344094574137
2792	3.83308303913058
2793	3.8461560129037853
2794	3.8470482888473394
2795	3.8500037301160335
2796	3.8569281425054727
2797	3.860902769714763
2798	3.8576189715949782
2799	3.857542809405628
2800	3.8721175213759347
2801	3.873276493639413
2802	3.882042887844313
2803	3.8876846883077287
2804	3.875337034407953
2805	3.876830322770823
2806	3.8762409102325504
2807	3.877607688897358
2808	3.877284803353835
2809	3.870532116451463
2810	3.874391280048505
2811	3.8760077345675543
2812	3.8790656893298427
2813	3.8659918013435637
2814	3.8667121814255316
2815	3.8852275244906527
2816	3.885180750642973
2817	3.8886899454795847
2818	3.8769246663966372
2819	3.876261793110605
2820	3.883853826797833
2821	3.8966701318083694
2822	3.8917166272029373
2823	3.8800812728552203
2824	3.897776432949934
2825	3.9026142648167856
2826	3.8993117393512264
2827	3.905007129322235
2828	3.911607063279795
2829	3.9108562062672787
2830	3.9065381200165166
2831	3.9187212495220285
2832	3.9173942606709398
2833	3.9109862906741815
2834	3.9073685919721513
2835	3.9058556060628424
2836	3.908108843372134
2837	3.9169256135323645
2838	3.913653564625192
2839	3.9153060357057794
2840	3.92189889791472
2841	3.9240773788792196
2842	3.9228779912334533
2843	3.921456434704789
2844	3.9149939149513027
2845	3.909388989697595
2846	3.9008382927914145
2847	3.916646767413674
2848	3.9316114883858893
2849	3.931300359611606
2850	3.921537776457442
2851	3.9177515252085597
2852	3.903697076921143
2853	3.8941254515898787
2854	3.900635134185265
2855	3.8989165094620697
2856	3.8940220776348586
2857	3.8920309846688794
2858	3.89306318650366
2859	3.8900738213987363
2860	3.875304727396087
2861	3.876731952162241
2862	3.883184570437643
2863	3.876711023981943
2864	3.8771416425055887
2865	3.8744087917477126
2866	3.876923377259557
2867	3.8795976166682773
2868	3.8887672947709557
2869	3.8918022177516205
2870	3.895437866207668
2871	3.8879293086408713
2872	3.885590602401598
2873	3.8856313433675185
2874	3.875830371569076
2875	3.8708478930623937
2876	3.87726816246274
2877	3.8787666057486776
2878	3.863827082856008
2879	3.871578985555994
2880	3.871595502815219
2881	3.8756046542628155
2882	3.8799596393406235
2883	3.879576277546541
2884	3.8745543109278366
2885	3.8722207663930783
2886	3.863219211986309
2887	3.855091643696362
2888	3.8600143616676776
2889	3.8694024543087306
2890	3.880318903569993
2891	3.8898873693143075
2892	3.892908250961287
2893	3.881535616261831
2894	3.884499463715401
2895	3.882070433935307
2896	3.871069195110958
2897	3.870501002338077
2898	3.8758573646672914
2899	3.8727878294931104
2900	3.863447524985639
2901	3.866176527274336
2902	3.86035766910673
2903	3.855556752498312
2904	3.8562694418069836
2905	3.8553676095402403
2906	3.8570597541314577
2907	3.85342972148364
2908	3.8531723031947953
2909	3.843151049225789
2910	3.8464283379317195
2911	3.8400015995536956
2912	3.8347499605592295
2913	3.832919223242827
2914	3.825366208777914
2915	3.8180824638027966
2916	3.824092073732224
2917	3.8216855787681445
2918	3.8257055880274518
2919	3.830074862102351
2920	3.826643478972174
2921	3.8150042624672933
2922	3.8192298349803164
2923	3.8241574482508764
2924	3.8046079119554634
2925	3.795853570770243
2926	3.7989591956853688
2927	3.797840809093686
2928	3.7832294908182003
2929	3.7812931293216305
2930	3.7759198966652416
2931	3.7652194742767175
2932	3.761041538813513
2933	3.7624814234247026
2934	3.765873392489079
2935	3.768421741038803
2936	3.760964489774717
2937	3.748685656337092
2938	3.7559388361412345
2939	3.7530768013468356
2940	3.7439807169510577
2941	3.7334014254301056
2942	3.743758727398301
2943	3.738458879209226
2944	3.7357188404046195
2945	3.7446118725697985
2946	3.7523508661249947
2947	3.746980574556964
2948	3.7523146888890135
2949	3.746459937477177
2950	3.750716857507909
2951	3.7645209862250826
2952	3.769794391357406
2953	3.776117546130469
2954	3.7758984100404915
2955	3.779206231354075
2956	3.780864851096738
2957	3.7835125413487036
2958	3.7916296334304893
2959	3.785825991749816
2960	3.8012039515876266
2961	3.8000404057939434
2962	3.794190049980022
2963	3.807197745155094
2964	3.8113626773196043
2965	3.8071844122255842
2966	3.8073874100346066
2967	3.811009686076089
2968	3.8142160430443046
2969	3.8169384505645714
2970	3.8100382201277303
2971	3.803164332998825
2972	3.800000212255074
2973	3.7992215825505147
2974	3.814311494876702
2975	3.8075154364688277
2976	3.8018573099086974
2977	3.8021543522657257
2978	3.8058593121174087
2979	3.8038586448886558
2980	3.7979103368685094
2981	3.7935953551493737
2982	3.7891275202257364
2983	3.797004827633278
2984	3.804098327602193
2985	3.8143088309511426
2986	3.8157873595100624
2987	3.8189774060544526
2988	3.81242235686288
2989	3.798658915909964
2990	3.7950483998619697
2991	3.783294609722427
2992	3.7863944877294973
2993	3.793576460733263
2994	3.7914544867206947
2995	3.788297071940273
2996	3.782247654809868
2997	3.7824458987513068
2998	3.7913304651622557
2999	3.788372923513305